0,377481,4,0.0895,5,0.74,0.483,0.887,0.211,0,-11.267,0.0371,0.473,121.005,1
3,501853,4,0.00376,6,0.796,0.62,0.767,0.0617,0,-10.538,0.0539,0.525,125.017,1
32,345837,4,4.47e-05,8,0.806,0.443,0.854,0.073,0,-12.524,0.0563,0.0708,123.015,1
15,200294,4,0.116,9,0.85,0.597,0.867,0.285,0,-9.805,0.0441,0.265,126.005,1
10,251960,4,0.109,7,0.863,0.601,0.00764,0.0676,0,-6.978,0.054,0.178,122.961,1
12,472258,4,0.0762,5,0.665,0.753,0.717,0.582,0,-8.73,0.0607,0.071,124.005,1
4,326888,4,0.0197,5,0.88,0.821,0.661,0.234,0,-2.545,0.118,0.575,127.907,1
0,400276,4,0.00151,2,0.86,0.899,0.484,0.0372,1,-7.026,0.0906,0.53,120.023,1
0,389493,4,0.000134,7,0.701,0.914,0.000137,0.169,1,-4.463,0.129,0.374,123.966,1
0,282604,4,0.00033,0,0.741,0.761,0.15,0.884,1,-9.99,0.0532,0.538,128.004,1
32,289880,4,0.0215,5,0.833,0.721,0.000409,0.132,1,-6.944,0.25,0.757,114.01,1
3,491670,4,0.0905,1,0.808,0.481,0.904,0.0977,1,-9.285,0.101,0.408,124.987,1
1,173067,4,0.0453,8,0.689,0.829,0.000154,0.181,1,-6.324,0.0494,0.139,119.041,1
0,266424,4,0.0118,10,0.75,0.883,0.169,0.136,0,-4.119,0.158,0.692,130.006,1
0,289791,4,0.0583,11,0.821,0.619,0.0565,0.141,0,-9.587,0.0824,0.842,134.045,1
1,379867,4,0.0106,11,0.666,0.701,0.469,0.0814,1,-7.421,0.0501,0.512,119.007,1
5,228013,4,0.02,6,0.784,0.428,0.856,0.643,0,-10.902,0.0927,0.276,117.982,1
0,374855,4,0.151,11,0.799,0.462,0.831,0.119,0,-12.907,0.0774,0.628,124.003,1
58,205161,4,0.084,7,0.684,0.789,0.00289,0.217,0,-6.889,0.0377,0.411,123.989,1
6,340268,4,0.00537,10,0.701,0.884,0.0011,0.402,0,-7.338,0.0546,0.831,120.002,1
0,496091,4,0.000974,1,0.83,0.625,0.0424,0.102,1,-9.314,0.0526,0.0989,123.995,1
71,280070,4,0.0234,9,0.786,0.696,0.0019,0.0839,0,-5.796,0.0428,0.306,121.974,1
15,386360,4,0.00686,5,0.728,0.901,0.755,0.149,0,-7.969,0.0479,0.739,119.991,1
0,378987,4,0.028,8,0.857,0.713,0.879,0.1,0,-12.806,0.0517,0.687,114.274,1
0,329071,4,0.00938,6,0.842,0.47,0.782,0.0974,0,-8.545,0.0485,0.453,123.006,1
0,721333,4,0.111,5,0.414,0.396,0.701,0.112,0,-19.246,0.0425,0.0642,128.143,1
34,449492,4,0.000564,10,0.797,0.935,0.194,0.0472,1,-7.216,0.0477,0.8,124.012,1
0,233771,4,0.0234,6,0.655,0.679,0.122,0.0982,0,-6.786,0.0372,0.3,122.015,1
0,446412,4,0.00589,5,0.81,0.928,0.906,0.132,0,-9.242,0.0486,0.725,122.001,1
0,484003,4,0.000117,7,0.801,0.499,0.644,0.121,1,-9.947,0.0611,0.28,125.008,1
10,354067,4,0.0197,9,0.539,0.696,0.858,0.0999,0,-13.936,0.0421,0.61,126.088,1
15,366547,4,0.0375,1,0.551,0.481,0.747,0.108,1,-8.867,0.0913,0.72,120.981,1
0,217000,4,0.158,11,0.69,0.747,0.568,0.116,0,-8.221,0.0364,0.712,124.013,1
35,361067,4,0.509,7,0.765,0.753,0.588,0.221,1,-9.061,0.147,0.493,120.486,1
16,410664,4,0.039,5,0.75,0.755,0.906,0.203,0,-9.044,0.051,0.73,121.994,1
0,313230,4,0.0531,1,0.872,0.899,0.244,0.124,1,-6.021,0.111,0.451,121.015,1
19,372406,4,0.000496,6,0.748,0.953,0.329,0.115,0,-10.017,0.151,0.706,125.006,1
0,309180,4,0.0047,8,0.777,0.688,0.69,0.096,0,-8.692,0.0681,0.181,126.019,1
25,406452,4,0.0583,2,0.744,0.496,0.0977,0.189,1,-10.614,0.0395,0.384,124.008,1
14,198867,4,0.00713,5,0.489,0.828,5.15e-05,0.1,0,-4.116,0.0366,0.188,104.984,1
0,249095,4,0.00257,8,0.918,0.735,0.0417,0.0479,0,-4.485,0.166,0.704,125.005,1
34,238907,4,0.073,2,0.68,0.549,0.00163,0.0884,0,-8.735,0.227,0.291,177.865,1
50,274835,4,0.0154,1,0.807,0.731,0.0775,0.0974,0,-6.871,0.0432,0.555,121.018,1
26,370806,4,0.00107,7,0.883,0.518,0.667,0.0991,1,-8.548,0.126,0.43,119.999,1
0,265154,4,0.0289,1,0.794,0.971,0.876,0.096,1,-8.788,0.051,0.585,125.148,1
2,296733,4,0.00384,6,0.695,0.98,0.76,0.159,0,-5.555,0.0602,0.505,127.002,1
36,178587,4,0.039,1,0.787,0.806,0.000607,0.0782,1,-4.648,0.0696,0.927,109.959,1
13,207293,4,0.00774,7,0.752,0.723,0.000572,0.222,1,-6.914,0.0368,0.603,126.012,1
29,520999,4,0.00132,9,0.806,0.481,0.293,0.105,1,-11.208,0.0578,0.066,120.006,1
8,357025,4,0.00304,10,0.805,0.859,0.864,0.109,0,-11.243,0.0617,0.862,120.993,1
0,470150,4,0.0436,1,0.915,0.798,0.0539,0.0549,1,-3.561,0.109,0.297,119.998,1
0,488187,1,0.0246,1,0.816,0.547,0.916,0.044,1,-14.01,0.0798,0.345,119.007,1
0,369159,4,0.00163,9,0.783,0.569,0.817,0.0878,1,-11.926,0.0925,0.675,125.983,1
56,268303,4,0.0453,6,0.603,0.827,0.619,0.0833,1,-7.372,0.0714,0.311,144.992,1
15,398640,4,0.00484,6,0.852,0.493,0.901,0.689,0,-9.894,0.0682,0.265,118.002,1
49,194493,4,0.00273,6,0.689,0.663,0.000489,0.0903,0,-5.04,0.0335,0.397,121.998,1
1,331093,4,0.0335,8,0.638,0.699,0.00627,0.0908,0,-4.277,0.0567,0.575,114.974,1
0,304663,4,0.00262,7,0.535,0.743,0.296,0.321,1,-8.044,0.0718,0.318,127.801,1
46,191653,4,0.186,8,0.76,0.916,1.17e-06,0.0885,0,-3.017,0.0521,0.693,109.993,1
18,255632,4,0.0159,1,0.503,0.727,9.45e-05,0.0895,1,-5.456,0.167,0.521,121.985,1
50,214347,4,0.0242,1,0.735,0.759,0.185,0.0966,0,-6.914,0.0449,0.77,109.982,1
0,415440,4,0.000546,10,0.817,0.424,0.933,0.092,1,-12.092,0.066,0.51,119.991,1
0,367769,4,0.00625,2,0.764,0.768,0,0.338,1,-5.926,0.3,0.671,116.007,1
23,233544,4,0.0064,0,0.805,0.644,0.0505,0.0905,1,-8.547,0.0453,0.572,122.993,1
0,295883,4,0.0182,1,0.737,0.901,0.766,0.0497,1,-1.524,0.0359,0.391,124.005,1
0,413720,4,0.00238,0,0.722,0.861,0.289,0.319,1,-6.862,0.052,0.636,119.01,1
0,334024,4,0.00146,2,0.807,0.667,0.792,0.1,1,-10.804,0.0688,0.304,120.002,1
0,364027,4,0.000418,4,0.787,0.805,0.326,0.129,0,-8.275,0.0415,0.623,115.0,1
0,250130,4,0.0342,8,0.562,0.792,0.00089,0.181,1,-7.936,0.207,0.389,123.978,1
5,442393,4,0.000701,2,0.829,0.625,0.867,0.0701,1,-11.005,0.147,0.484,120.035,1
0,306191,4,0.000661,0,0.869,0.592,0.907,0.0629,1,-5.729,0.071,0.499,126.014,1
0,431041,4,0.000176,10,0.773,0.51,0.845,0.0931,0,-13.367,0.053,0.0919,122.0,1
4,230500,4,0.6,10,0.791,0.329,0.863,0.193,0,-12.906,0.0592,0.526,127.021,1
17,318000,4,0.00696,0,0.72,0.511,0.0598,0.112,0,-11.229,0.0441,0.386,122.034,1
1,277688,4,0.00963,10,0.665,0.844,0.000215,0.311,0,-6.164,0.0501,0.902,119.978,1
0,405391,4,0.00691,7,0.828,0.688,0.662,0.0615,1,-7.521,0.0435,0.388,118.96,2
0,473008,4,0.00435,4,0.661,0.755,0.541,0.0921,0,-7.472,0.0388,0.309,123.013,2
0,301156,4,0.0447,9,0.802,0.549,0.857,0.104,0,-7.591,0.0653,0.36,118.997,2
0,281120,4,0.0905,1,0.722,0.914,0.626,0.0867,0,-5.621,0.0314,0.568,124.967,2
0,378171,4,0.00527,8,0.873,0.484,0.671,0.0615,0,-8.14,0.111,0.59,125.0,2
2,220640,4,0.00749,0,0.609,0.579,0.903,0.112,0,-10.538,0.031,0.311,125.015,2
0,468995,4,0.0267,6,0.703,0.768,0.662,0.0969,0,-8.203,0.047,0.462,123.024,2
0,418000,4,0.000209,10,0.783,0.899,0.92,0.0573,0,-6.623,0.0628,0.687,120.004,2
1,275780,4,0.414,5,0.859,0.56,0.788,0.166,0,-8.449,0.136,0.659,128.049,2
36,567514,4,0.00709,10,0.766,0.718,0.903,0.069,0,-9.201,0.0567,0.163,129.001,2
9,417123,4,0.00157,9,0.659,0.863,0.905,0.385,0,-7.654,0.0417,0.346,122.006,2
0,188400,4,7.28e-05,4,0.723,0.932,0.871,0.121,0,-8.62,0.0425,0.0579,125.001,2
37,406875,4,0.014,6,0.808,0.806,0.0129,0.158,1,-7.403,0.192,0.645,123.006,2
4,457265,4,0.00193,2,0.795,0.797,0.89,0.111,1,-11.116,0.0445,0.274,124.009,2
0,207682,4,0.0304,4,0.78,0.786,9.2e-05,0.0511,0,-6.911,0.0637,0.197,123.012,2
0,373129,4,0.135,4,0.72,0.492,0.87,0.176,1,-14.49,0.0478,0.114,122.0,2
0,445445,4,0.000145,1,0.595,0.817,0.926,0.087,0,-8.853,0.0402,0.48,129.993,2
15,407040,4,0.000206,1,0.715,0.926,0.892,0.104,1,-6.953,0.044,0.233,124.997,2
0,218312,4,0.0833,11,0.736,0.882,0.000349,0.354,0,-4.285,0.0398,0.517,126.012,2
22,221736,4,0.124,6,0.767,0.683,0.0051,0.0391,1,-9.465,0.042,0.715,117.979,2
0,422208,4,0.0443,4,0.88,0.596,0.764,0.0733,1,-9.754,0.0669,0.878,110.0,2
0,379013,4,0.00203,4,0.821,0.695,0.24,0.0925,0,-9.589,0.0573,0.61,119.991,2
0,450160,4,0.0281,7,0.855,0.57,0.882,0.12,0,-8.834,0.0655,0.756,125.008,2
0,369755,4,0.0116,9,0.809,0.806,0.688,0.108,0,-7.937,0.0467,0.454,125.014,2
0,375798,4,0.0335,0,0.811,0.594,0.855,0.0785,1,-8.696,0.0558,0.294,122.994,2
1,322693,4,0.0801,5,0.753,0.453,0.0158,0.0836,1,-5.873,0.0401,0.558,127.95,2
14,285596,4,0.00364,0,0.653,0.756,0.00651,0.089,1,-7.794,0.0366,0.42,120.82,2
0,492213,4,0.0667,2,0.778,0.724,0.633,0.0964,1,-10.398,0.0402,0.158,122.003,2
0,405120,4,0.0124,5,0.82,0.773,0.448,0.108,0,-5.902,0.0349,0.128,125.052,2
0,344501,4,0.000304,9,0.746,0.658,0.655,0.341,1,-7.429,0.053,0.307,128.012,2
25,377417,4,0.00393,6,0.815,0.376,0.673,0.0445,1,-14.741,0.0923,0.556,124.511,2
0,498267,4,0.032,6,0.574,0.486,0.895,0.0948,1,-17.63,0.0357,0.173,125.057,2
0,394019,4,0.0988,11,0.667,0.911,0.565,0.409,0,-7.457,0.0472,0.458,125.973,2
0,533182,4,0.0164,7,0.67,0.827,0.936,0.113,0,-8.094,0.0456,0.291,121.988,2
0,514737,4,0.00326,1,0.855,0.516,0.151,0.265,1,-7.461,0.0557,0.413,118.01,2
1,452560,4,0.00329,5,0.894,0.792,0.247,0.0564,0,-8.899,0.158,0.695,118.097,2
9,371869,4,0.0315,8,0.788,0.587,0.726,0.0553,0,-10.384,0.0592,0.597,120.054,2
15,403000,4,0.0949,2,0.719,0.637,0.923,0.0586,0,-8.802,0.0384,0.393,120.002,2
0,472256,4,0.000353,10,0.804,0.607,0.735,0.0746,0,-12.38,0.067,0.285,122.995,2
8,525246,4,0.0496,4,0.761,0.978,0.931,0.0302,0,-8.125,0.0506,0.303,121.992,2
0,628040,4,0.295,5,0.816,0.211,0.904,0.266,1,-18.026,0.103,0.423,118.0,2
0,483761,4,0.16,1,0.54,0.671,0.519,0.0746,0,-12.018,0.033,0.0972,122.999,2
0,391680,4,0.288,7,0.77,0.742,0.124,0.254,0,-7.841,0.0528,0.0774,125.029,2
0,381959,4,0.0335,11,0.79,0.411,0.877,0.116,0,-10.005,0.0759,0.0788,118.004,2
0,370333,4,0.00241,9,0.836,0.495,0.844,0.0783,0,-10.834,0.0476,0.508,124.994,2
1,400751,4,0.074,7,0.912,0.781,0.762,0.348,0,-7.018,0.0444,0.89,119.978,2
0,611000,4,0.0028,4,0.795,0.609,0.713,0.0766,1,-11.58,0.0787,0.15,123.996,2
0,591192,4,0.0232,10,0.723,0.821,0.814,0.0646,0,-8.261,0.0453,0.304,124.009,2
14,296000,4,0.00106,4,0.765,0.905,0.0443,0.113,0,-5.867,0.0695,0.756,123.993,2
22,606467,4,0.0106,4,0.839,0.741,0.206,0.252,0,-7.086,0.0872,0.185,120.001,2
0,357634,4,0.0721,4,0.738,0.734,0.748,0.0394,1,-11.109,0.0374,0.389,125.99,2
34,445447,4,0.266,1,0.755,0.469,0.725,0.0706,1,-12.935,0.0633,0.352,120.014,2
26,405228,3,0.0131,1,0.655,0.828,0.886,0.671,1,-12.071,0.0518,0.231,121.587,2
0,437540,4,0.00185,8,0.801,0.731,0.48,0.186,0,-8.839,0.0523,0.771,124.01,2
0,414787,4,0.00377,11,0.763,0.866,0.861,0.326,0,-5.75,0.0939,0.39,120.01,2
0,415120,4,0.0084,2,0.722,0.798,0.902,0.753,1,-9.036,0.0427,0.335,123.019,2
9,363185,4,0.0335,11,0.765,0.549,0.647,0.338,0,-10.572,0.0575,0.44,114.996,2
43,570587,3,0.000263,1,0.786,0.538,0.897,0.0818,0,-12.98,0.0599,0.0932,123.961,2
7,473025,4,0.00124,7,0.809,0.737,0.647,0.0721,1,-10.075,0.0505,0.673,124.001,2
0,357144,4,0.0252,11,0.697,0.585,0.837,0.265,0,-11.779,0.039,0.305,125.0,2
0,407473,4,0.00375,11,0.804,0.948,0.876,0.0417,0,-7.691,0.0514,0.632,123.975,2
0,475481,4,0.0423,6,0.875,0.617,0.0597,0.64,1,-6.842,0.0614,0.573,122.987,2
46,202573,4,0.00864,7,0.779,0.683,0.796,0.137,1,-8.47,0.04,0.516,134.986,2
0,472121,4,0.0357,8,0.824,0.419,0.505,0.0853,1,-9.632,0.0579,0.676,114.996,2
0,437539,4,0.000552,7,0.714,0.826,0.638,0.0639,1,-7.124,0.0455,0.467,124.988,2
0,366073,4,0.00489,2,0.918,0.727,0.118,0.375,1,-7.064,0.0667,0.509,121.988,2
13,448177,4,0.00143,3,0.795,0.683,0.752,0.0337,0,-6.497,0.0839,0.499,120.013,2
0,304120,4,0.0863,10,0.837,0.499,0.0736,0.112,0,-9.524,0.0787,0.471,127.0,2
12,210733,4,0.0317,9,0.892,0.531,0.168,0.121,0,-7.237,0.0718,0.698,122.972,2
0,397302,4,0.000435,4,0.745,0.704,0.889,0.0236,0,-9.503,0.0612,0.835,119.99,2
0,460560,4,0.00112,9,0.813,0.941,0.928,0.0927,0,-6.86,0.0473,0.401,119.936,2
24,339467,4,0.0128,7,0.702,0.813,0.791,0.111,0,-8.681,0.0649,0.205,125.031,2
5,361967,4,0.00954,2,0.801,0.569,0.221,0.0719,1,-9.211,0.0777,0.618,121.991,2
0,509291,4,0.004,9,0.803,0.655,0.896,0.061,0,-9.617,0.0406,0.303,127.016,2
6,244174,4,0.0412,5,0.777,0.71,0.0811,0.0577,0,-5.694,0.0539,0.306,109.029,2
20,428053,4,0.000169,10,0.624,0.626,0.848,0.11,0,-10.911,0.0374,0.19,120.088,2
2,432333,4,0.000191,11,0.808,0.716,0.94,0.125,0,-11.943,0.109,0.133,122.007,2
2,379487,4,0.0268,7,0.804,0.924,0.794,0.113,1,-8.218,0.0364,0.716,117.001,2
0,405125,4,0.271,9,0.808,0.467,6.97e-05,0.112,0,-8.688,0.156,0.0312,128.076,2
15,675120,4,0.00117,2,0.734,0.624,0.745,0.726,1,-8.872,0.031,0.228,119.967,2
0,469930,4,0.00101,0,0.848,0.395,0.859,0.227,0,-9.72,0.0706,0.667,118.999,2
1,418867,4,0.281,8,0.774,0.625,0.874,0.106,0,-11.539,0.0787,0.217,125.006,2
3,221421,4,0.141,6,0.722,0.635,0.000873,0.3,0,-9.6,0.0419,0.53,123.999,2
4,436415,4,0.0137,2,0.817,0.727,0.423,0.14,1,-8.446,0.0431,0.669,116.977,2
0,429507,4,0.0315,2,0.798,0.426,0.88,0.0943,1,-9.826,0.0455,0.487,128.014,2
0,386738,4,0.0276,11,0.809,0.805,0.133,0.035,0,-6.646,0.262,0.626,120.073,2
0,451332,4,0.0346,5,0.809,0.47,0.677,0.099,0,-9.857,0.0455,0.577,120.986,2
14,391640,3,0.000174,11,0.804,0.459,0.78,0.0795,0,-12.737,0.0592,0.397,114.008,2
1,250413,4,0.00326,4,0.68,0.869,0.818,0.261,0,-5.085,0.034,0.403,121.028,2
0,179016,4,0.00514,7,0.747,0.523,0.122,0.184,1,-8.149,0.213,0.7,122.022,2
32,174853,4,0.00176,0,0.681,0.835,0.00183,0.354,0,-5.705,0.049,0.469,124.047,2
28,209987,4,0.157,11,0.719,0.886,0,0.117,0,-6.45,0.054,0.613,119.936,2
0,290000,4,0.0785,6,0.735,0.673,0.741,0.0563,1,-7.662,0.0607,0.764,120.008,2
17,548791,4,0.00847,9,0.799,0.681,0.752,0.111,0,-11.156,0.0593,0.229,125.003,2
26,249667,4,0.0469,1,0.85,0.677,0.00638,0.104,1,-5.985,0.0348,0.533,121.995,2
0,524876,4,0.000971,10,0.809,0.803,0.781,0.0564,0,-9.824,0.0464,0.381,121.005,2
0,421625,4,0.00167,5,0.72,0.797,0.466,0.424,0,-8.354,0.0728,0.423,119.981,2
0,509091,4,0.00269,11,0.775,0.558,0.00357,0.111,0,-9.235,0.0724,0.589,121.996,2
0,261760,4,0.00955,7,0.893,0.371,0.185,0.093,1,-11.777,0.0912,0.658,123.034,2
26,216881,4,0.182,1,0.752,0.529,0.361,0.168,1,-9.252,0.0303,0.111,119.983,2
1,410578,4,0.493,0,0.61,0.426,0.854,0.108,1,-11.538,0.147,0.33,126.975,2
0,354955,4,0.0516,10,0.82,0.626,2.79e-06,0.0577,0,-6.833,0.145,0.642,120.002,2
0,168510,4,0.0103,0,0.72,0.761,0.822,0.225,1,-9.652,0.0418,0.388,122.987,2
41,158680,4,0.166,11,0.717,0.465,0.0171,0.147,1,-12.776,0.0377,0.416,120.989,2
0,443697,4,0.00124,10,0.839,0.534,0.538,0.0909,0,-9.707,0.0506,0.564,118.99,2
39,382000,4,0.00292,4,0.82,0.498,0.122,0.0546,0,-8.968,0.0481,0.431,117.048,2
0,390786,4,0.00143,9,0.785,0.906,0.92,0.0568,0,-8.584,0.0595,0.816,123.072,2
0,330731,4,0.0909,0,0.805,0.699,0.252,0.362,0,-5.137,0.105,0.341,124.004,2
29,484600,3,0.000351,0,0.9,0.49,0.513,0.0833,1,-10.076,0.0715,0.447,124.996,2
31,223147,4,0.761,0,0.821,0.564,0.311,0.104,0,-7.543,0.113,0.847,113.995,2
0,415267,4,0.00369,9,0.917,0.575,0.698,0.0904,1,-9.255,0.134,0.345,125.996,2
5,458213,4,0.00455,5,0.781,0.827,0.926,0.0978,0,-7.033,0.0475,0.512,128.001,2
0,464640,4,0.00231,11,0.771,0.53,0.64,0.104,0,-9.373,0.0544,0.307,125.007,2
0,412263,4,0.000132,1,0.887,0.742,0.00657,0.115,1,-11.134,0.0763,0.665,120.028,2
2,300267,4,0.318,11,0.8,0.76,0.875,0.168,0,-10.078,0.0655,0.615,128.017,2
0,410765,4,0.000223,9,0.641,0.614,0.257,0.127,1,-9.778,0.0422,0.164,122.01,2
14,373179,4,0.0395,6,0.79,0.876,0.88,0.0807,0,-8.311,0.0522,0.982,125.914,2
2,353814,4,0.0755,5,0.723,0.387,0.861,0.0818,0,-12.039,0.279,0.133,111.98,2
0,189194,4,0.212,8,0.805,0.505,0.707,0.186,0,-6.988,0.101,0.709,123.99,2
0,354524,4,0.0172,9,0.898,0.528,0.908,0.0824,0,-9.75,0.0709,0.267,126.007,2
1,356293,4,0.0195,1,0.803,0.743,0.919,0.108,0,-7.57,0.0476,0.655,126.025,2
0,306947,4,0.00205,9,0.825,0.577,0.879,0.0708,1,-10.322,0.0483,0.309,126.021,2
28,319831,4,0.0114,11,0.847,0.612,0.00339,0.108,0,-6.164,0.0819,0.573,117.983,2
0,392000,4,0.00749,4,0.578,0.657,0.856,0.207,0,-10.402,0.0636,0.0347,128.024,2
0,433307,4,0.0026,1,0.786,0.687,0.912,0.211,0,-10.235,0.0684,0.214,128.893,2
0,349412,4,0.0423,5,0.675,0.959,0.918,0.0896,0,-5.878,0.0361,0.792,118.997,2
0,387097,4,0.00102,1,0.819,0.692,0.834,0.0876,1,-8.005,0.0396,0.284,124.013,2
0,541361,4,0.00485,0,0.753,0.598,0.915,0.266,1,-8.859,0.0605,0.22,120.997,2
0,440557,4,0.053,9,0.898,0.392,0.00883,0.0955,1,-9.968,0.0583,0.255,123.993,2
0,487970,4,0.0166,1,0.949,0.552,0.479,0.0852,1,-7.038,0.0631,0.623,122.0,2
0,162772,4,0.0794,9,0.747,0.878,0.000531,0.37,0,-5.209,0.0357,0.897,122.03,2
0,372035,4,0.0105,2,0.618,0.771,0.457,0.0915,1,-7.548,0.0384,0.309,120.01,2
8,339880,4,0.0248,8,0.758,0.373,0.825,0.312,0,-14.582,0.112,0.406,113.998,2
44,499786,4,0.0642,0,0.838,0.592,0.112,0.102,0,-13.719,0.0576,0.638,120.003,2
0,480000,4,0.0178,11,0.969,0.488,0.0168,0.105,0,-9.488,0.209,0.171,126.024,2
0,390055,4,0.00605,0,0.757,0.803,0.729,0.352,0,-8.597,0.0627,0.484,120.781,2
0,435484,4,0.00439,11,0.858,0.495,0.0114,0.0864,0,-10.208,0.0596,0.279,124.005,2
0,619973,4,0.0165,2,0.665,0.987,0.424,0.237,0,-5.753,0.0507,0.817,125.024,2
27,399189,4,0.146,9,0.811,0.481,0.918,0.102,0,-11.027,0.162,0.533,125.609,2
59,201000,4,0.0308,0,0.835,0.481,0.000501,0.0896,0,-7.188,0.387,0.34,139.581,2
0,359440,4,0.0343,4,0.83,0.587,0.829,0.106,0,-9.486,0.044,0.659,118.009,2
31,458182,4,0.00925,9,0.803,0.549,0.878,0.0457,0,-11.603,0.0721,0.465,109.986,2
54,399310,4,0.00632,9,0.82,0.568,0.718,0.0722,0,-9.495,0.049,0.724,115.988,2
46,226750,4,0.0251,0,0.792,0.769,0.634,0.29,1,-7.17,0.0536,0.545,120.018,2
0,268511,3,0.147,7,0.707,0.834,0.0492,0.124,1,-6.391,0.0299,0.167,115.003,2
0,727733,4,0.00337,1,0.829,0.728,0.842,0.139,0,-9.301,0.0719,0.276,132.862,2
0,308761,4,0.0947,0,0.789,0.764,0.256,0.0831,1,-6.735,0.102,0.563,110.003,2
12,413933,4,0.23,1,0.736,0.715,0.87,0.0875,1,-11.267,0.0601,0.509,125.568,2
0,434120,4,0.0399,10,0.72,0.566,0.9,0.329,1,-9.676,0.0531,0.611,116.994,2
10,361875,4,0.00819,10,0.808,0.825,0.47,0.0653,0,-10.113,0.0673,0.344,119.004,2
1,486036,4,0.257,9,0.646,0.523,0.92,0.0902,0,-12.051,0.042,0.193,121.004,2
2,254627,4,0.046,11,0.698,0.517,0.587,0.252,0,-11.72,0.0684,0.33,99.981,2
0,436180,4,0.00494,6,0.719,0.712,0.806,0.141,1,-7.173,0.0764,0.145,125.437,2
0,481605,4,0.0172,9,0.791,0.599,0.826,0.0746,0,-8.507,0.0447,0.439,122.04,2
37,421197,4,0.00383,9,0.851,0.714,0.38,0.0213,0,-6.768,0.0476,0.414,117.994,2
2,555909,4,0.00139,1,0.824,0.565,0.82,0.0921,1,-9.226,0.0575,0.0629,125.014,2
0,280555,4,0.017,9,0.798,0.794,0.873,0.0882,1,-8.638,0.0471,0.0502,119.011,2
0,433469,4,0.0362,9,0.841,0.679,0.446,0.0724,0,-7.674,0.0685,0.457,121.023,2
20,378023,4,0.000392,9,0.75,0.615,0.911,0.0913,1,-8.969,0.0769,0.282,123.999,2
10,435496,4,0.00315,9,0.853,0.468,0.82,0.0621,1,-10.434,0.0589,0.617,122.992,2
0,393600,4,0.144,8,0.807,0.436,0.733,0.0919,1,-11.571,0.0493,0.0999,125.014,2
11,405333,3,0.000312,1,0.429,0.62,0.933,0.0741,1,-7.902,0.0906,0.16,185.483,2
4,467230,4,0.00234,7,0.773,0.718,0.472,0.0597,1,-7.275,0.0473,0.599,119.976,2
17,423520,4,0.1,5,0.68,0.521,0.251,0.0743,0,-13.998,0.0378,0.436,125.028,2
0,326000,4,0.0196,6,0.668,0.708,0.823,0.659,1,-10.249,0.0408,0.25,115.008,2
0,635396,3,0.196,1,0.809,0.33,0.646,0.0981,1,-14.232,0.0668,0.719,115.997,2
0,495909,4,0.00188,2,0.801,0.544,0.767,0.0702,1,-8.19,0.0599,0.37,123.004,2
0,359000,4,0.104,6,0.723,0.527,0.712,0.132,0,-10.699,0.0846,0.264,128.047,2
0,384653,4,0.000406,1,0.729,0.951,0.877,0.0743,0,-10.803,0.0603,0.81,132.575,2
10,443800,4,0.412,9,0.931,0.689,0.0338,0.101,1,-9.82,0.103,0.773,123.73,2
0,454272,4,0.000127,9,0.811,0.563,0.847,0.0555,0,-9.876,0.106,0.367,126.013,2
0,404290,4,0.0025,5,0.92,0.68,0.471,0.0746,0,-8.269,0.0561,0.767,123.982,2
4,324734,4,0.00508,6,0.828,0.616,0.756,0.0836,1,-10.633,0.0869,0.257,120.308,2
0,325915,4,0.000634,5,0.809,0.707,0.733,0.0811,0,-7.451,0.0675,0.139,122.001,2
1,355253,4,4.2e-05,10,0.726,0.835,0.905,0.0877,0,-7.16,0.0435,0.808,130.011,2
0,356773,4,0.106,7,0.959,0.493,0.619,0.388,1,-11.848,0.289,0.451,126.6,2
0,432000,4,0.103,0,0.742,0.741,0.686,0.594,0,-10.601,0.0508,0.444,120.013,2
25,210625,4,0.0294,6,0.689,0.447,0.544,0.102,1,-9.398,0.211,0.389,128.869,2
1,446053,4,0.111,7,0.855,0.425,0.852,0.0774,1,-12.939,0.0953,0.195,120.025,2
0,376862,4,0.000265,3,0.747,0.618,0.637,0.0514,0,-11.327,0.0613,0.388,124.007,2
0,342857,4,0.00194,8,0.812,0.489,0.928,0.348,1,-8.709,0.0455,0.443,120.007,2
0,319693,4,0.162,5,0.803,0.73,0.86,0.109,1,-9.084,0.0449,0.109,125.006,2
1,420920,4,0.000775,5,0.67,0.55,0.92,0.0863,0,-11.353,0.0586,0.422,125.003,2
0,365902,4,0.00101,9,0.798,0.924,0.926,0.033,0,-7.509,0.0405,0.606,121.994,2
0,226286,4,0.614,4,0.705,0.674,0.0817,0.101,1,-8.274,0.355,0.281,140.013,2
0,535661,4,0.00691,1,0.829,0.787,0.811,0.0675,1,-10.997,0.0717,0.612,121.998,2
24,235267,4,0.0671,9,0.722,0.566,5.49e-05,0.824,0,-7.445,0.0771,0.426,128.015,2
28,454315,4,0.0268,0,0.739,0.663,0.829,0.0932,1,-8.4,0.0474,0.181,124.989,2
0,463362,4,0.0462,0,0.719,0.5,0.387,0.0985,0,-11.703,0.0342,0.178,122.005,2
0,407179,4,0.000312,6,0.807,0.827,0.759,0.0832,1,-7.892,0.0496,0.572,122.957,2
0,251547,4,0.00666,4,0.779,0.608,0.577,0.091,0,-11.145,0.052,0.56,116.016,2
0,448781,4,0.0243,11,0.626,0.715,0.832,0.0731,1,-6.577,0.141,0.426,122.645,2
7,179016,4,0.0385,2,0.775,0.57,0.852,0.0965,0,-9.699,0.0449,0.632,122.021,2
0,388846,4,0.000708,11,0.796,0.951,0.806,0.154,0,-6.816,0.097,0.46,123.027,2
0,416173,4,0.0274,11,0.811,0.366,0.104,0.0337,0,-14.884,0.0947,0.133,121.013,2
24,409003,4,0.428,0,0.818,0.595,0.815,0.101,1,-10.257,0.0509,0.0384,125.979,2
9,332126,4,0.0135,6,0.932,0.733,0.795,0.0627,1,-8.138,0.163,0.721,126.988,2
40,313783,4,0.0263,5,0.837,0.647,0.0042,0.0916,0,-6.603,0.0383,0.604,122.999,2
27,185410,4,0.0194,1,0.75,0.905,0.305,0.362,1,-4.2,0.0423,0.83,121.975,2
0,449724,4,0.00521,5,0.71,0.598,0.813,0.0798,0,-9.839,0.0333,0.614,125.978,2
12,296227,4,0.421,1,0.687,0.646,0.41,0.362,1,-13.639,0.0462,0.571,113.993,2
0,407213,4,0.00764,0,0.879,0.567,0.847,0.558,1,-10.152,0.0897,0.585,121.973,2
7,263053,4,0.00779,8,0.753,0.789,0.111,0.325,0,-7.469,0.0274,0.65,126.008,2
11,472348,4,0.00644,5,0.726,0.591,0.425,0.188,0,-8.176,0.0395,0.504,120.057,2
26,415120,4,0.0084,2,0.722,0.798,0.902,0.753,1,-9.036,0.0427,0.335,123.019,2
0,448000,4,0.00333,11,0.879,0.818,0.897,0.0798,0,-5.749,0.0611,0.704,119.996,2
0,527188,4,0.00447,5,0.807,0.554,0.93,0.0814,0,-10.456,0.0771,0.38,125.004,2
0,317738,4,0.0913,11,0.737,0.731,0.0267,0.888,0,-7.7,0.195,0.411,125.028,2
15,605733,4,0.00405,2,0.713,0.489,0.832,0.0762,1,-11.78,0.0542,0.441,122.995,2
29,179893,4,0.116,3,0.674,0.691,6.98e-05,0.0971,1,-4.193,0.0395,0.625,126.027,2
0,492542,4,0.000741,1,0.802,0.502,0.912,0.0721,1,-12.071,0.123,0.203,125.018,2
0,391093,4,0.000511,1,0.812,0.702,0.915,0.0827,1,-9.519,0.0657,0.626,124.003,2
9,463533,3,0.0826,10,0.431,0.719,0.89,0.106,0,-16.169,0.143,0.634,188.481,2
0,428430,4,0.00815,1,0.81,0.415,0.852,0.0458,0,-9.653,0.067,0.447,120.997,2
0,533344,3,0.00401,8,0.702,0.522,0.842,0.151,0,-11.347,0.0418,0.298,126.008,2
0,415653,4,0.216,5,0.684,0.339,0.797,0.0648,0,-24.699,0.0686,0.806,115.765,2
0,205993,4,0.146,10,0.722,0.866,0.634,0.369,1,-4.085,0.0368,0.612,123.039,2
25,387692,4,0.185,6,0.678,0.494,0.0094,0.201,0,-9.539,0.245,0.0763,130.026,2
41,330508,4,0.000812,8,0.806,0.737,0.851,0.106,1,-10.613,0.186,0.433,123.43,2
25,422208,4,0.0426,4,0.882,0.584,0.761,0.0699,1,-9.945,0.0695,0.878,109.999,2
0,322533,4,0.00523,5,0.672,0.89,0.949,0.142,1,-9.558,0.0764,0.921,115.032,2
0,338413,4,0.116,1,0.485,0.552,0.0455,0.0864,1,-9.202,0.0543,0.0676,139.792,2
33,278933,4,0.00105,0,0.789,0.664,0.0068,0.0213,1,-4.418,0.0565,0.653,120.006,2
12,369502,4,0.00226,10,0.759,0.819,0.743,0.107,0,-9.458,0.0466,0.68,124.973,2
17,451707,4,0.212,2,0.754,0.486,0.53,0.133,1,-11.089,0.112,0.354,123.007,2
1,476282,4,0.000623,1,0.791,0.554,0.9,0.0598,1,-11.418,0.114,0.354,129.872,2
2,449032,4,0.023,1,0.913,0.52,0.572,0.0634,1,-12.155,0.0935,0.689,124.01,2
0,469815,4,0.000502,8,0.81,0.8,0.774,0.0689,0,-5.947,0.0449,0.953,124.005,2
10,541773,4,0.201,8,0.8,0.584,0.915,0.104,1,-9.696,0.0669,0.241,123.002,2
7,428395,4,0.000817,5,0.806,0.766,0.91,0.0839,0,-8.317,0.0399,0.405,127.012,2
0,367504,4,0.00225,8,0.94,0.6,0.944,0.0955,0,-10.851,0.0621,0.179,119.967,2
0,362100,4,0.0169,11,0.556,0.595,0.0253,0.207,0,-8.984,0.083,0.185,121.985,2
7,418307,4,0.00066,1,0.81,0.582,0.922,0.0538,1,-9.898,0.0534,0.515,120.002,2
16,369376,4,0.00204,1,0.781,0.742,0.847,0.051,1,-8.327,0.0513,0.235,120.007,2
0,469187,4,0.00615,9,0.758,0.675,0.812,0.11,0,-10.172,0.0478,0.425,125.988,2
59,201000,4,0.0308,0,0.835,0.481,0.000501,0.0896,0,-7.188,0.387,0.34,139.581,2
0,217500,4,0.0612,9,0.594,0.807,0.00327,0.0985,0,-7.135,0.0585,0.565,127.005,2
34,403969,4,0.00132,11,0.801,0.688,0.852,0.0832,0,-10.573,0.0522,0.0965,125.994,2
50,324896,4,0.366,3,0.849,0.507,0.686,0.07,0,-8.763,0.0778,0.66,107.982,2
0,488555,4,0.247,7,0.881,0.338,0.612,0.118,1,-12.804,0.101,0.128,122.977,2
0,422451,4,0.000279,2,0.808,0.67,0.908,0.0649,1,-7.847,0.0444,0.166,124.007,2
0,464410,4,0.113,8,0.804,0.532,0.781,0.0804,1,-8.057,0.0702,0.459,122.012,2
46,202573,4,0.00864,7,0.779,0.683,0.796,0.137,1,-8.47,0.04,0.516,134.986,2
2,323799,4,0.569,3,0.832,0.522,0.0482,0.0953,0,-11.469,0.154,0.502,110.015,2
0,337987,4,0.0858,1,0.857,0.668,0.738,0.121,1,-10.806,0.2,0.426,120.032,2
0,333134,4,0.000754,11,0.788,0.733,0.882,0.0626,0,-8.433,0.0519,0.8,134.023,2
0,456701,4,0.0372,9,0.688,0.534,0.938,0.119,0,-10.534,0.0392,0.642,127.999,2
0,329960,4,0.0854,10,0.798,0.745,0.889,0.0559,0,-10.936,0.0526,0.938,125.133,2
67,165441,4,0.00521,0,0.609,0.885,1.15e-05,0.336,1,-5.469,0.0642,0.76,124.959,2
15,280542,4,0.00212,7,0.368,0.976,0.568,0.234,1,-7.431,0.121,0.106,127.991,2
0,405627,4,0.0315,10,0.776,0.668,0.845,0.921,0,-11.848,0.0593,0.723,117.004,2
19,438853,4,0.016,11,0.847,0.564,0.91,0.0935,0,-12.125,0.0529,0.0588,122.999,2
0,551503,4,0.0397,7,0.792,0.752,0.9,0.0514,0,-12.062,0.0475,0.673,120.006,2
29,268003,4,0.00962,9,0.825,0.536,0.26,0.121,0,-6.425,0.0836,0.684,125.021,2
0,500807,4,0.00266,11,0.601,0.698,0.837,0.0867,1,-11.169,0.0421,0.406,126.999,2
28,472320,4,0.00544,5,0.72,0.595,0.843,0.318,1,-9.383,0.0364,0.132,123.996,2
0,400251,4,0.0195,11,0.877,0.286,0.768,0.0821,1,-10.899,0.0656,0.282,120.013,2
1,176414,4,0.0903,9,0.731,0.782,0.0867,0.182,1,-7.358,0.0665,0.735,122.964,2
2,289694,4,0.121,11,0.526,0.539,0.127,0.121,0,-9.456,0.061,0.797,176.081,2
0,194133,4,0.0685,1,0.825,0.69,0.00225,0.106,1,-6.879,0.0376,0.606,124.064,2
56,206600,5,0.229,0,0.768,0.393,0.375,0.0923,1,-11.737,0.0399,0.442,131.989,2
25,428329,4,0.00621,6,0.872,0.811,0.842,0.195,1,-6.947,0.0514,0.272,123.009,2
3,659920,4,0.711,10,0.688,0.237,0.898,0.0999,0,-20.271,0.0419,0.132,99.883,2
0,457440,4,0.000553,9,0.558,0.722,0.854,0.138,0,-6.505,0.14,0.178,124.992,3
46,350807,4,0.000458,6,0.68,0.817,0.00364,0.115,0,-5.199,0.0342,0.422,119.681,3
0,413710,4,0.00514,2,0.862,0.573,0.43,0.0443,0,-8.122,0.0514,0.552,121.0,3
40,484589,4,0.0591,1,0.766,0.749,0.803,0.102,1,-9.747,0.0535,0.308,120.0,3
4,400813,4,0.0259,2,0.771,0.438,0.85,0.104,1,-7.421,0.0503,0.154,126.014,3
3,473551,4,0.128,4,0.801,0.472,0.381,0.103,1,-9.948,0.077,0.467,120.005,3
0,365753,4,0.0312,9,0.811,0.355,0.692,0.06,0,-12.98,0.105,0.451,120.027,3
23,169559,4,0.117,10,0.646,0.832,0.873,0.145,0,-4.097,0.0351,0.291,120.0,3
0,403516,4,0.00756,7,0.637,0.949,0.807,0.189,0,-8.883,0.0371,0.647,118.995,3
36,192828,4,0.412,7,0.65,0.789,0.0024,0.18,1,-3.649,0.147,0.323,122.072,3
4,475973,4,0.179,2,0.732,0.822,0.892,0.0764,1,-10.909,0.0697,0.407,120.006,3
0,396799,4,0.00499,1,0.88,0.55,0.142,0.267,1,-8.591,0.0829,0.531,123.002,3
0,417254,4,0.000274,2,0.75,0.817,0.883,0.183,0,-8.264,0.0545,0.546,121.014,3
17,319617,4,0.00716,8,0.82,0.773,0.00297,0.652,0,-7.119,0.0738,0.579,123.945,3
25,423440,4,0.000595,11,0.807,0.696,0.202,0.0744,1,-7.552,0.0909,0.767,123.001,3
0,159344,4,0.00139,9,0.725,0.897,0.914,0.0281,0,-7.674,0.0348,0.554,121.993,3
0,338361,4,0.00667,9,0.939,0.497,0.727,0.105,0,-8.193,0.0662,0.783,122.012,3
1,337165,4,0.00218,7,0.902,0.324,0.0054,0.146,0,-7.289,0.0485,0.604,123.002,3
0,393511,4,0.00023,7,0.804,0.463,0.714,0.0763,1,-11.994,0.0935,0.594,118.978,3
1,361000,4,0.00818,5,0.782,0.736,0.849,0.858,0,-9.004,0.0511,0.119,122.998,3
16,454634,4,5.91e-05,11,0.942,0.792,0.807,0.0803,0,-6.066,0.0462,0.8,123.002,3
0,226700,4,0.0109,1,0.672,0.577,0.0329,0.227,0,-11.116,0.287,0.445,128.059,3
25,464746,4,0.00346,10,0.802,0.665,0.724,0.577,0,-8.738,0.0602,0.445,118.005,3
0,315624,4,0.00364,5,0.758,0.834,0.76,0.157,0,-6.389,0.0405,0.262,130.001,3
41,345363,4,0.0338,3,0.806,0.501,0.805,0.104,0,-8.915,0.0675,0.514,122.999,3
0,387629,4,0.000225,10,0.831,0.679,0.851,0.0536,0,-7.791,0.0449,0.51,120.008,3
0,324692,4,0.0337,1,0.841,0.583,0.41,0.11,1,-9.694,0.0932,0.706,120.015,3
35,562301,4,0.0772,9,0.952,0.446,0.92,0.0717,0,-15.909,0.485,0.857,127.868,3
0,435052,4,0.00134,9,0.803,0.981,0.877,0.0996,1,-6.048,0.0566,0.878,124.003,3
0,479222,4,0.00129,7,0.834,0.663,0.795,0.0725,1,-10.14,0.0646,0.247,121.008,3
54,214186,4,8.45e-05,8,0.649,0.706,0.831,0.163,0,-7.209,0.031,0.0736,128.032,3
0,367607,4,0.311,9,0.787,0.831,0.651,0.0919,0,-7.225,0.0767,0.423,123.999,3
5,282813,4,0.39,10,0.577,0.388,0.000183,0.13,0,-6.861,0.0266,0.278,74.982,3
2,479759,4,0.106,11,0.87,0.644,0.518,0.0669,0,-8.656,0.0428,0.719,122.01,3
58,301175,4,0.0276,2,0.756,0.591,0.391,0.0947,0,-8.749,0.03,0.481,125.003,3
0,245723,4,0.0611,7,0.767,0.805,0.889,0.321,1,-9.467,0.0319,0.642,119.998,3
24,482420,4,1.41e-05,4,0.805,0.689,0.817,0.0275,0,-11.958,0.0513,0.235,121.998,3
33,494588,4,0.0307,10,0.69,0.736,0.902,0.174,1,-11.809,0.0413,0.588,122.009,3
6,459121,4,0.0381,1,0.763,0.531,0.199,0.145,1,-9.578,0.0574,0.427,117.988,3
1,408914,4,0.00198,2,0.906,0.597,0.000334,0.0699,1,-6.183,0.0595,0.536,118.001,3
0,395587,4,0.0359,7,0.719,0.552,0.844,0.113,1,-7.975,0.0401,0.256,126.007,3
0,351080,4,0.00313,6,0.82,0.729,0.876,0.0783,0,-8.506,0.0547,0.0802,120.998,3
2,461816,4,0.000578,10,0.862,0.644,0.786,0.0618,0,-10.942,0.0818,0.967,125.963,3
11,422156,4,0.00565,10,0.749,0.917,0.642,0.0673,1,-4.444,0.0631,0.791,123.004,3
43,202040,4,0.00315,11,0.738,0.723,0.00418,0.145,0,-8.757,0.0672,0.377,122.035,3
36,389508,4,0.109,8,0.834,0.481,0.822,0.111,1,-9.511,0.135,0.314,121.999,3
28,207500,4,0.12,2,0.766,0.914,0.132,0.36,1,-4.824,0.0419,0.179,120.0,3
49,393387,4,0.000518,11,0.771,0.963,0.901,0.147,1,-7.294,0.0363,0.598,124.0,3
0,380438,4,0.0265,1,0.783,0.463,0.329,0.365,1,-9.814,0.0517,0.472,120.997,3
0,484600,4,0.00264,4,0.809,0.643,0.921,0.0959,0,-9.442,0.0637,0.679,119.992,3
0,383655,4,0.0771,11,0.807,0.681,0.904,0.122,0,-8.832,0.0646,0.532,122.001,3
0,396957,4,0.00812,0,0.873,0.479,0.803,0.0633,0,-10.353,0.0741,0.373,120.999,3
0,335399,4,0.0664,3,0.643,0.889,0.884,0.0904,0,-7.043,0.0499,0.663,131.999,3
0,364786,4,0.000334,11,0.887,0.442,0.554,0.0946,0,-9.827,0.0911,0.873,123.017,3
26,184000,4,0.0759,2,0.743,0.815,0.0624,0.713,0,-5.222,0.0351,0.687,120.0,3
0,425472,4,0.000604,11,0.814,0.774,0.763,0.054,0,-9.657,0.111,0.722,122.995,3
0,300573,4,0.00341,11,0.738,0.706,0.0725,0.162,0,-5.119,0.0568,0.199,123.018,3
7,503911,4,0.000162,1,0.779,0.528,0.499,0.0961,1,-9.305,0.0543,0.269,122.005,3
2,392840,4,0.000193,6,0.877,0.517,0.816,0.0322,1,-11.491,0.109,0.455,122.998,3
44,174140,4,0.00446,3,0.746,0.869,2.04e-05,0.397,1,-4.012,0.0554,0.747,123.946,3
0,317630,4,0.0991,3,0.762,0.872,0.0236,0.0533,0,-5.724,0.0437,0.412,123.994,3
37,535661,4,0.00691,1,0.829,0.787,0.811,0.0675,1,-10.997,0.0717,0.612,121.998,3
0,383499,4,0.0019,9,0.81,0.749,0.872,0.0416,1,-9.99,0.045,0.903,121.008,3
26,432381,4,0.00028,0,0.809,0.694,0.918,0.0805,1,-9.159,0.0442,0.119,126.002,3
19,367066,4,0.0296,1,0.823,0.737,0.458,0.0243,1,-4.909,0.0678,0.762,120.983,3
0,232364,4,0.00244,5,0.733,0.6,0.915,0.302,0,-8.612,0.0294,0.535,123.016,3
35,216864,4,0.573,7,0.809,0.608,0.00189,0.134,0,-6.489,0.0426,0.258,117.965,3
20,337150,4,0.00465,9,0.761,0.855,0.619,0.303,0,-6.563,0.11,0.337,123.992,3
7,415904,4,0.00133,10,0.878,0.399,0.63,0.0632,0,-11.785,0.0582,0.144,121.009,3
0,420830,4,0.00269,7,0.808,0.635,0.244,0.0761,0,-7.785,0.0509,0.938,120.013,3
0,427677,4,0.000177,10,0.831,0.884,0.299,0.0363,0,-6.103,0.0714,0.15,125.98,3
0,487805,4,0.00107,7,0.843,0.6,0.898,0.0601,0,-8.711,0.0514,0.335,122.996,3
0,359298,4,0.00906,2,0.829,0.746,0.866,0.107,1,-7.405,0.0414,0.412,123.017,3
17,394231,4,0.00707,9,0.701,0.713,0.225,0.083,0,-10.134,0.035,0.497,122.982,3
0,391686,4,0.000195,7,0.77,0.895,0.897,0.0455,0,-8.102,0.0488,0.68,120.986,3
0,418702,4,0.357,7,0.681,0.474,0.502,0.113,0,-9.862,0.483,0.564,123.013,3
28,214414,4,0.068,7,0.837,0.57,0.428,0.248,0,-11.927,0.066,0.292,119.946,3
0,420000,4,0.000251,5,0.937,0.45,0.64,0.0606,0,-8.382,0.119,0.686,125.003,3
0,465792,4,0.047,2,0.806,0.501,0.934,0.0665,1,-10.232,0.0795,0.214,119.981,3
14,160835,4,0.119,11,0.806,0.547,0.843,0.38,0,-10.565,0.103,0.293,121.988,3
24,171189,4,0.00678,6,0.772,0.893,0.711,0.0473,0,-3.893,0.0371,0.528,122.014,3
0,450069,4,0.000862,8,0.797,0.834,0.906,0.0601,1,-4.38,0.0599,0.111,120.003,3
65,394573,4,0.0802,4,0.87,0.554,0.0739,0.115,0,-5.828,0.0635,0.462,123.998,3
21,240513,4,0.0374,3,0.723,0.677,0.823,0.161,1,-12.149,0.0571,0.488,116.999,3
0,392882,4,0.172,9,0.796,0.661,0.0467,0.0908,1,-9.288,0.0478,0.244,120.0,3
0,322142,4,0.00211,0,0.782,0.923,0.764,0.384,1,-5.535,0.16,0.606,126.033,3
0,449893,4,0.0219,0,0.843,0.545,0.00617,0.0323,0,-9.008,0.0645,0.907,120.002,3
65,179960,4,0.0969,6,0.548,0.723,1.28e-05,0.337,1,-6.002,0.0375,0.499,125.088,3
0,386387,4,0.00482,11,0.9,0.367,0.857,0.0835,1,-16.935,0.177,0.386,127.02,3
36,569760,3,0.00247,1,0.785,0.78,0.518,0.114,1,-7.949,0.0425,0.601,126.013,3
0,279679,4,0.0235,0,0.68,0.762,0.913,0.685,1,-8.253,0.039,0.342,125.135,3
33,220000,4,0.012,10,0.736,0.72,0.309,0.101,1,-10.56,0.0652,0.299,116.953,3
0,425070,4,0.0011,7,0.85,0.634,0.734,0.0467,0,-10.332,0.0772,0.731,120.004,3
25,315454,4,0.045,10,0.684,0.529,0.781,0.199,0,-10.529,0.0415,0.228,125.981,3
0,229831,4,0.0578,5,0.906,0.533,0.0169,0.106,0,-9.868,0.0542,0.291,117.987,3
0,320009,4,0.00084,7,0.823,0.859,0.592,0.174,1,-6.24,0.148,0.734,129.005,3
21,286120,4,0.0287,10,0.657,0.71,0.144,0.111,0,-8.851,0.0359,0.345,109.036,3
2,388722,4,0.000864,7,0.756,0.695,0.0324,0.04,1,-10.655,0.0715,0.515,125.001,3
0,455297,4,0.0005,10,0.753,0.651,0.8,0.0935,0,-9.834,0.0563,0.0875,123.002,3
37,433680,4,0.0127,7,0.894,0.534,0.0942,0.0479,0,-6.959,0.0536,0.789,120.018,3
33,220000,4,0.012,10,0.736,0.72,0.309,0.101,1,-10.56,0.0652,0.299,116.953,3
21,240513,4,0.0374,3,0.723,0.677,0.823,0.161,1,-12.149,0.0571,0.488,116.999,3
20,217162,4,0.00395,5,0.783,0.714,0.226,0.138,0,-6.977,0.0468,0.119,122.015,3
15,219920,4,0.594,11,0.77,0.921,0.217,0.126,1,-9.593,0.0384,0.591,124.015,3
49,488269,4,0.0311,5,0.81,0.537,0.745,0.19,0,-9.836,0.0456,0.663,120.009,3
12,212198,4,0.303,9,0.836,0.848,0.263,0.125,0,-8.352,0.0406,0.807,119.999,3
26,374000,4,0.0149,6,0.805,0.437,0.742,0.0674,0,-10.585,0.0454,0.227,120.028,3
52,170059,4,0.0573,9,0.736,0.759,0.207,0.0778,1,-7.066,0.0347,0.485,128.039,3
0,472284,4,0.00507,0,0.888,0.579,0.721,0.0711,1,-8.667,0.0503,0.274,124.019,3
41,427820,4,0.0927,11,0.794,0.579,0.373,0.0594,0,-6.748,0.0522,0.63,114.004,3
28,372000,4,0.023,0,0.775,0.798,0.903,0.0442,0,-6.198,0.0698,0.869,120.01,3
52,339310,4,0.253,8,0.708,0.667,0.000692,0.0878,1,-7.934,0.0418,0.634,115.987,3
0,492307,4,0.00487,3,0.741,0.726,0.929,0.258,1,-10.963,0.0423,0.603,122.0,3
0,352525,4,0.00379,1,0.822,0.866,0.213,0.0843,0,-7.032,0.0579,0.886,120.008,3
0,406692,4,0.00541,9,0.867,0.658,0.0103,0.228,1,-7.634,0.0676,0.717,124.027,3
0,418531,4,0.000121,6,0.802,0.663,0.824,0.0596,0,-8.868,0.0703,0.548,119.998,3
0,531310,4,0.0418,10,0.813,0.453,0.755,0.122,0,-12.959,0.0498,0.615,120.018,3
0,418893,4,0.0105,9,0.816,0.702,0.815,0.0892,0,-8.999,0.05,0.849,120.017,3
2,465713,4,0.000425,0,0.836,0.575,0.891,0.0877,1,-8.584,0.0693,0.896,126.012,3
0,425537,4,0.000451,1,0.848,0.716,0.853,0.104,1,-7.171,0.0803,0.377,123.01,3
29,464067,4,0.00599,6,0.777,0.554,0.784,0.0783,1,-8.349,0.0359,0.333,118.011,3
56,547244,4,0.0068,8,0.82,0.505,0.591,0.128,1,-9.832,0.0356,0.555,119.992,3
43,227477,4,0.581,10,0.71,0.678,0.0171,0.0992,0,-7.307,0.0479,0.497,100.008,3
0,581590,4,0.029,1,0.801,0.368,0.625,0.0448,1,-18.378,0.0609,0.827,125.944,3
15,224500,4,0.223,9,0.744,0.475,0.469,0.0821,0,-9.426,0.0525,0.605,120.011,3
0,415053,4,0.234,1,0.808,0.743,0.00113,0.509,1,-9.04,0.0363,0.528,116.981,3
26,419980,4,0.236,11,0.786,0.757,0.922,0.084,0,-10.838,0.0557,0.348,123.987,3
0,388302,4,0.000552,2,0.705,0.615,0.701,0.0963,1,-9.086,0.0364,0.477,119.999,3
29,178275,4,0.139,1,0.809,0.818,0.222,0.0879,1,-4.383,0.0471,0.659,121.005,3
38,277280,4,0.019,6,0.742,0.698,0.0328,0.0608,0,-5.47,0.051,0.436,122.003,3
0,439592,4,0.0247,6,0.937,0.507,0.0711,0.094,1,-8.359,0.214,0.432,119.998,3
7,244976,4,0.754,9,0.654,0.275,0.000107,0.165,0,-14.412,0.0551,0.202,122.01,3
0,438579,4,0.019,1,0.827,0.67,0.702,0.0985,0,-6.144,0.0605,0.619,119.991,3
4,425000,4,0.602,1,0.738,0.288,0.886,0.1,0,-13.576,0.0403,0.385,122.036,3
0,370867,4,0.0135,2,0.585,0.676,0.936,0.0702,0,-5.151,0.13,0.49,125.982,3
2,313085,4,0.0061,6,0.678,0.552,0.000773,0.0977,1,-12.34,0.0848,0.421,103.994,3
28,454867,4,0.0115,5,0.777,0.488,0.823,0.0834,0,-10.755,0.0454,0.198,119.994,3
34,376000,4,0.0164,0,0.867,0.411,0.372,0.18,1,-9.171,0.0798,0.471,119.976,3
0,440976,4,0.00393,7,0.799,0.743,0.865,0.213,1,-9.42,0.0802,0.174,123.013,3
61,399013,4,0.59,10,0.674,0.678,0.222,0.051,0,-8.452,0.0406,0.465,99.985,3
36,342872,4,0.351,4,0.724,0.405,0.839,0.0636,0,-10.389,0.0599,0.348,125.982,3
17,468789,4,0.00837,4,0.806,0.569,0.882,0.0709,0,-12.327,0.0753,0.482,123.992,3
15,390290,4,0.00293,11,0.943,0.819,0.402,0.0411,0,-4.949,0.111,0.461,127.019,3
38,334055,4,0.00152,2,0.628,0.596,0.0882,0.102,1,-10.79,0.0439,0.131,117.975,3
0,435545,4,0.0362,9,0.8,0.76,0.846,0.0655,0,-7.247,0.0571,0.426,119.998,3
1,438587,4,0.0439,3,0.901,0.455,0.00855,0.083,0,-8.157,0.066,0.697,118.988,3
0,401311,4,0.00749,0,0.804,0.54,0.562,0.0756,1,-9.679,0.0525,0.56,120.007,3
0,403145,4,0.00874,1,0.833,0.397,0.88,0.107,1,-11.671,0.0608,0.692,119.994,3
34,285841,4,0.00234,0,0.961,0.266,0.00276,0.0928,0,-13.371,0.23,0.354,123.012,3
25,382439,4,0.00162,11,0.716,0.983,0.789,0.277,0,-7.775,0.0494,0.686,124.987,3
0,428852,4,0.0206,6,0.763,0.481,0.52,0.595,0,-11.562,0.061,0.787,122.006,3
0,264762,4,0.139,5,0.746,0.71,0.14,0.144,0,-8.561,0.0364,0.669,125.981,3
0,417049,4,0.00351,11,0.806,0.52,0.832,0.114,0,-10.866,0.0587,0.673,121.998,3
30,459179,4,0.000275,8,0.818,0.479,0.908,0.0606,0,-8.813,0.143,0.148,122.006,3
39,203187,4,0.22,0,0.739,0.486,0.218,0.317,1,-7.8,0.0375,0.263,123.988,3
0,503507,4,0.0573,6,0.909,0.495,0.153,0.0778,1,-11.89,0.151,0.804,122.004,3
7,308929,4,0.0169,7,0.807,0.425,0.891,0.0614,1,-8.452,0.0656,0.66,125.987,3
24,204298,4,0.0184,7,0.686,0.792,0.694,0.266,0,-5.444,0.0349,0.546,120.966,3
13,204125,4,0.0523,0,0.581,0.81,0.00367,0.15,1,-4.859,0.054,0.336,119.97,3
0,350988,4,0.0172,10,0.406,0.664,0.535,0.12,0,-8.038,0.0467,0.0395,125.032,3
16,448052,4,0.00211,6,0.755,0.728,0.286,0.0547,0,-9.038,0.0639,0.356,119.997,3
56,253585,4,0.241,4,0.511,0.678,0,0.0948,0,-6.858,0.869,0.405,212.137,3
0,529280,4,0.00874,1,0.806,0.787,0.894,0.0717,1,-10.888,0.0727,0.642,120.006,3
0,386167,4,0.00992,1,0.856,0.822,0.406,0.513,1,-8.109,0.112,0.676,120.025,3
31,446557,4,0.0148,7,0.816,0.605,0.665,0.0269,0,-7.657,0.0977,0.324,122.011,3
0,386014,4,0.00339,9,0.842,0.767,0.852,0.0491,1,-8.14,0.0669,0.872,120.006,3
29,371613,4,0.0214,7,0.788,0.761,0.877,0.109,1,-8.454,0.0792,0.219,123.977,3
0,508000,4,0.000185,2,0.877,0.755,0.487,0.494,1,-11.636,0.175,0.655,120.012,3
32,335389,4,0.00634,5,0.893,0.258,0.00393,0.0811,0,-15.091,0.0431,0.553,115.022,3
20,483982,4,0.229,8,0.743,0.577,0.822,0.0637,0,-9.881,0.0413,0.772,120.023,3
0,485221,4,0.00622,6,0.615,0.548,0.0543,0.111,0,-10.742,0.0319,0.118,124.985,3
21,426885,4,0.000831,2,0.879,0.499,0.805,0.0516,1,-9.785,0.0643,0.607,122.003,3
0,424918,4,0.000412,6,0.799,0.904,0.593,0.232,0,-6.169,0.0724,0.81,122.005,3
0,336774,4,0.00432,7,0.794,0.757,0.51,0.121,0,-4.627,0.0933,0.52,123.976,3
0,240000,4,0.00132,6,0.793,0.922,0.82,0.235,1,-4.649,0.0461,0.838,124.012,3
15,569289,4,0.00277,7,0.758,0.787,0.879,0.0993,0,-11.465,0.0478,0.67,124.995,3
2,340560,4,0.0458,7,0.764,0.381,0.714,0.18,1,-11.845,0.0535,0.298,122.988,3
17,424264,4,0.0296,4,0.7,0.439,0.421,0.0668,0,-12.641,0.0416,0.19,119.999,3
13,481664,3,0.0431,8,0.702,0.784,0.542,0.039,1,-8.995,0.0622,0.567,123.611,3
46,322688,4,0.00261,0,0.783,0.622,0.0122,0.0641,1,-6.384,0.0366,0.878,123.004,3
34,510398,4,0.00222,9,0.8,0.725,0.573,0.0849,0,-10.566,0.0659,0.366,116.984,3
2,631200,4,0.0322,9,0.722,0.76,0.92,0.0286,0,-8.332,0.0453,0.396,124.005,3
1,549000,4,0.000371,8,0.791,0.674,0.693,0.138,1,-10.835,0.0973,0.329,128.013,3
8,336002,4,0.00127,5,0.844,0.536,0.954,0.0672,0,-8.112,0.039,0.589,120.003,3
23,301453,4,0.000954,8,0.854,0.797,0.788,0.107,0,-7.568,0.0424,0.199,115.998,3
0,405018,4,0.271,9,0.808,0.467,6.97e-05,0.112,0,-8.688,0.156,0.0312,128.076,3
30,396694,4,0.00217,1,0.815,0.612,0.408,0.0653,1,-8.284,0.0461,0.504,118.019,3
0,520882,4,0.00569,1,0.833,0.684,0.299,0.585,1,-10.774,0.0922,0.437,123.008,3
24,446887,4,0.502,0,0.786,0.702,0.671,0.0628,1,-6.007,0.0734,0.278,119.908,3
0,562759,4,0.0663,7,0.792,0.566,0.292,0.0623,0,-9.547,0.0457,0.279,115.995,3
1,567536,4,0.0105,10,0.83,0.536,0.603,0.0598,0,-13.514,0.0744,0.351,111.994,3
28,418613,4,0.00109,10,0.809,0.689,0.876,0.145,0,-10.472,0.065,0.569,117.996,3
33,395656,4,0.0238,10,0.906,0.537,0.063,0.0977,0,-9.382,0.0675,0.787,121.978,3
21,182405,4,0.00504,8,0.729,0.729,0.766,0.0978,0,-11.037,0.0552,0.637,125.007,3
6,259093,4,0.441,1,0.826,0.436,0.615,0.0964,1,-9.583,0.0558,0.272,119.051,3
0,403284,4,0.0235,11,0.837,0.567,0.518,0.0792,0,-9.699,0.104,0.388,125.001,3
47,449074,4,0.00218,7,0.804,0.508,0.881,0.0877,1,-8.434,0.0409,0.307,125.011,3
0,400270,4,0.0206,6,0.822,0.373,0.902,0.0747,1,-9.451,0.121,0.327,125.961,3
0,261322,4,0.186,4,0.672,0.737,0.44,0.0752,0,-6.644,0.0292,0.304,121.024,3
0,411755,3,0.000654,10,0.803,0.536,0.929,0.0531,0,-9.586,0.074,0.653,122.003,3
0,511184,4,0.00132,7,0.899,0.715,0.857,0.114,0,-10.179,0.0877,0.373,124.006,3
19,476632,4,0.0253,9,0.86,0.361,0.327,0.108,1,-9.749,0.0413,0.411,117.999,3
24,182430,4,0.00243,4,0.665,0.874,0.78,0.258,0,-7.404,0.0627,0.216,122.058,3
0,388120,4,0.0325,1,0.92,0.599,0.863,0.0767,1,-8.158,0.0394,0.793,120.012,3
0,354987,4,0.109,0,0.825,0.339,0.6,0.0569,1,-8.295,0.0585,0.599,120.988,3
0,464539,4,0.0115,1,0.817,0.396,0.895,0.127,1,-8.624,0.0727,0.747,120.002,3
0,511914,4,0.00165,10,0.81,0.466,0.866,0.101,0,-10.957,0.0769,0.555,120.007,3
39,256016,4,0.0116,0,0.659,0.562,0.866,0.111,1,-9.2,0.0623,0.374,128.004,3
36,493511,4,0.0429,10,0.822,0.647,0.815,0.0667,0,-12.897,0.126,0.438,124.997,3
0,491973,4,0.000317,10,0.822,0.523,0.897,0.0659,0,-9.275,0.0531,0.468,125.0,3
0,488027,4,0.0426,9,0.747,0.85,0.871,0.0709,0,-8.658,0.053,0.351,119.98,3
32,489277,4,0.0142,5,0.817,0.387,0.718,0.163,0,-14.366,0.0484,0.404,117.99,3
0,453159,4,0.00677,1,0.807,0.903,0.836,0.0809,1,-8.591,0.0575,0.51,123.012,3
74,208133,4,0.00821,5,0.829,0.51,0.0014,0.0829,0,-9.334,0.0369,0.45,119.993,3
3,456106,4,0.00372,5,0.804,0.418,0.891,0.15,0,-14.093,0.0728,0.806,125.134,3
8,377182,4,0.0116,7,0.783,0.73,0.901,0.0863,1,-5.653,0.0389,0.373,122.994,3
50,448000,4,0.0293,7,0.797,0.599,0.927,0.0899,1,-7.443,0.0512,0.513,119.99,3
23,444878,4,0.038,7,0.812,0.688,0.18,0.113,0,-8.615,0.0701,0.159,123.02,3
0,322500,4,0.0432,4,0.801,0.861,0.879,0.0876,0,-10.861,0.0634,0.57,119.997,3
55,196311,4,0.165,1,0.758,0.51,0.0755,0.272,1,-10.645,0.0393,0.27,102.992,3
68,189413,4,0.024,9,0.763,0.875,5.41e-06,0.599,0,-5.797,0.0262,0.8,123.013,3
4,341947,4,0.177,2,0.708,0.6,0.119,0.0578,0,-7.099,0.0407,0.604,112.995,3
0,369755,4,0.000137,3,0.806,0.551,0.603,0.0819,0,-11.713,0.0608,0.422,121.991,3
0,444298,4,0.000734,2,0.769,0.367,0.882,0.095,1,-7.761,0.0555,0.512,120.002,3
0,407040,4,0.000639,10,0.804,0.434,0.822,0.0704,0,-12.571,0.098,0.129,125.011,3
39,506738,4,0.00189,5,0.842,0.623,0.524,0.323,0,-8.802,0.0924,0.688,120.014,3
0,445417,4,0.000595,0,0.805,0.79,0.889,0.0296,1,-7.93,0.0577,0.528,122.994,3
42,341613,4,0.021,8,0.919,0.929,0.911,0.322,1,-4.545,0.0963,0.412,124.013,3
0,332894,4,0.232,5,0.745,0.787,0.00749,0.109,0,-9.861,0.065,0.461,123.956,3
0,449113,4,0.00239,3,0.792,0.777,0.851,0.593,0,-9.154,0.0709,0.459,121.002,3
21,480473,4,5.16e-05,2,0.774,0.649,0.817,0.0538,1,-8.771,0.0467,0.704,120.005,3
2,479013,4,0.353,7,0.814,0.494,0.919,0.0938,1,-9.939,0.0662,0.5,115.991,3
17,394839,4,0.00205,11,0.899,0.796,0.628,0.55,0,-8.262,0.198,0.499,124.006,3
0,264000,4,0.17,0,0.838,0.403,0.342,0.109,1,-11.889,0.0553,0.817,120.003,3
0,287613,4,0.000108,1,0.782,0.567,0.588,0.116,0,-11.553,0.0489,0.177,121.977,3
0,421967,4,0.0169,7,0.806,0.833,0.902,0.138,0,-9.372,0.0443,0.545,122.006,3
0,308000,4,0.0167,8,0.811,0.554,0.796,0.083,1,-15.875,0.0823,0.434,120.012,3
48,220549,4,0.0329,7,0.801,0.8,1.63e-05,0.209,1,-5.159,0.0457,0.811,120.031,3
0,376320,4,0.00301,2,0.951,0.358,0.617,0.141,1,-7.989,0.133,0.496,125.019,3
0,428340,4,0.217,4,0.771,0.727,0.0464,0.33,0,-11.497,0.0522,0.35,111.976,3
0,441304,4,0.021,3,0.813,0.478,0.674,0.0627,1,-9.613,0.0648,0.368,121.0,3
36,460507,4,0.147,0,0.807,0.475,0.359,0.0629,1,-9.434,0.0592,0.591,117.007,3
31,419040,4,0.0252,1,0.808,0.687,0.895,0.076,1,-8.179,0.0978,0.322,124.997,3
0,485533,4,0.15,5,0.758,0.816,0.53,0.116,1,-8.251,0.0528,0.15,123.005,3
0,257277,4,0.0018,8,0.875,0.385,0.722,0.0393,0,-9.703,0.0753,0.829,120.476,3
4,424562,4,0.00708,6,0.865,0.66,0.667,0.0716,0,-10.61,0.0536,0.773,120.013,3
15,247933,4,0.226,6,0.648,0.593,0.847,0.489,1,-9.948,0.034,0.227,125.981,3
0,285440,4,0.0862,1,0.929,0.449,0.49,0.0889,1,-10.425,0.0574,0.612,119.896,3
0,477000,4,0.25,8,0.821,0.64,0.821,0.099,1,-10.373,0.0562,0.298,122.0,3
13,209623,4,0.00495,7,0.835,0.433,0.0667,0.066,0,-9.725,0.0473,0.684,119.981,3
48,282907,4,0.389,0,0.657,0.462,0.125,0.0745,0,-12.965,0.345,0.557,122.102,3
0,392754,4,1.56e-05,10,0.798,0.806,0.841,0.0751,0,-8.772,0.058,0.806,122.998,3
32,305227,4,0.145,0,0.705,0.914,0.000379,0.0906,0,-4.183,0.0378,0.432,106.987,3
1,372375,4,0.0897,8,0.851,0.35,0.555,0.0992,1,-9.438,0.0496,0.706,114.991,3
10,395360,4,0.000983,10,0.8,0.324,0.0181,0.215,0,-20.505,0.118,0.562,122.538,3
0,206368,4,0.00571,4,0.789,0.884,0.756,0.366,0,-7.598,0.0495,0.168,120.991,3
29,506845,4,0.351,2,0.859,0.313,0.683,0.356,1,-20.254,0.112,0.38,114.023,3
0,446218,4,0.000734,0,0.766,0.646,0.799,0.315,1,-7.147,0.0569,0.775,114.963,3
0,286337,4,0.0017,2,0.815,0.817,0.205,0.0715,1,-5.51,0.0496,0.445,124.986,3
0,342222,4,0.0036,9,0.81,0.374,0.597,0.058,0,-7.533,0.0451,0.582,117.984,3
47,456106,4,0.00953,9,0.86,0.56,0.205,0.0265,1,-8.626,0.0511,0.538,118.008,3
0,368613,4,0.0177,11,0.901,0.751,0.832,0.123,0,-6.867,0.0736,0.23,118.0,3
0,251435,4,0.0012,5,0.673,0.563,0.0776,0.0759,0,-9.551,0.0313,0.321,126.001,3
0,473542,4,0.0355,7,0.697,0.779,0.924,0.0797,1,-8.23,0.0872,0.38,122.032,3
43,258387,4,0.00114,4,0.736,0.677,0.844,0.0949,0,-7.036,0.0352,0.0747,121.01,3
18,431824,4,0.0133,7,0.844,0.46,0.845,0.34,1,-11.172,0.157,0.423,122.009,3
0,308715,4,0.0232,9,0.762,0.912,0.278,0.152,0,-6.367,0.0478,0.738,118.019,3
71,227833,4,0.162,11,0.799,0.586,2.03e-06,0.193,1,-6.735,0.0377,0.549,120.97,3
0,438327,4,0.00479,7,0.823,0.654,0.878,0.0423,1,-7.581,0.0685,0.575,123.005,3
1,209884,4,0.00155,7,0.787,0.738,0.000285,0.556,0,-6.442,0.0391,0.955,120.026,3
9,520820,4,0.00634,4,0.874,0.625,0.381,0.107,0,-8.438,0.0528,0.504,122.014,3
0,342292,4,0.344,1,0.57,0.764,0.0633,0.124,1,-7.904,0.0392,0.12,124.017,3
0,365902,4,0.0176,6,0.657,0.6,0.867,0.101,0,-8.299,0.0344,0.362,121.999,3
0,148400,4,0.00212,0,0.834,0.819,0.00306,0.279,0,-7.989,0.0841,0.513,119.99,3
3,383438,4,0.000819,8,0.674,0.88,0.216,0.0146,0,-7.821,0.0412,0.817,122.014,3
15,231801,4,0.054,1,0.745,0.577,0.775,0.32,1,-7.948,0.0407,0.312,124.989,3
0,300391,4,0.00176,2,0.854,0.406,0.506,0.0676,1,-10.762,0.0467,0.58,122.001,3
0,290837,4,0.0218,9,0.744,0.742,0.399,0.0735,0,-7.965,0.0539,0.327,120.969,3
9,358540,4,0.0569,9,0.827,0.407,0.524,0.109,0,-13.707,0.0604,0.0808,124.009,3
3,359835,4,0.0309,5,0.892,0.544,0.0362,0.107,0,-9.844,0.0549,0.354,117.994,3
16,432193,4,0.00753,5,0.831,0.782,0.376,0.0756,0,-7.942,0.038,0.491,122.013,3
9,243474,4,0.0412,0,0.868,0.533,0.835,0.589,1,-9.98,0.11,0.326,125.008,3
27,385899,4,0.326,9,0.866,0.459,0.666,0.0909,1,-9.136,0.122,0.642,119.988,3
14,372010,4,0.0131,9,0.776,0.572,0.501,0.0903,0,-7.579,0.0311,0.18,120.004,3
1,427000,4,0.144,4,0.845,0.589,0.823,0.493,0,-7.63,0.0527,0.485,119.995,3
0,441644,4,0.0304,7,0.79,0.794,0.787,0.101,0,-8.122,0.0341,0.735,122.009,3
0,470162,4,0.0056,6,0.82,0.545,0.275,0.0389,0,-9.266,0.0492,0.358,122.999,3
0,360075,4,0.31,4,0.645,0.352,0.0789,0.116,0,-13.161,0.0322,0.224,119.972,3
2,333924,4,0.0478,2,0.811,0.696,0.0251,0.176,1,-8.2,0.0583,0.558,114.998,3
0,450886,4,0.011,5,0.803,0.818,0.164,0.0961,1,-8.633,0.0452,0.814,125.001,3
33,185156,4,0.0805,10,0.789,0.79,0.00012,0.0507,0,-6.984,0.035,0.626,121.994,3
0,348000,4,0.00326,8,0.722,0.906,0.826,0.108,1,-3.025,0.0534,0.191,121.996,3
1,490725,4,0.0122,1,0.556,0.598,0.905,0.269,1,-11.109,0.0311,0.142,117.989,3
48,494492,4,0.00592,6,0.784,0.758,0.712,0.103,0,-9.195,0.0649,0.299,124.002,3
0,405518,4,0.00183,0,0.808,0.742,0.776,0.081,1,-6.858,0.0528,0.52,123.993,3
25,363078,4,0.00123,6,0.765,0.773,0.246,0.0928,1,-7.157,0.0701,0.412,124.003,3
3,375249,4,0.0106,6,0.817,0.692,0.00449,0.0908,1,-8.539,0.0817,0.426,124.022,3
0,447179,4,0.000352,0,0.778,0.702,0.705,0.0687,1,-9.211,0.0344,0.402,116.987,3
42,234243,4,0.112,5,0.768,0.491,0.0114,0.139,0,-8.316,0.0381,0.755,125.994,3
1,370678,4,0.0522,8,0.803,0.791,0.85,0.202,1,-5.588,0.0416,0.808,125.001,3
36,266574,4,0.116,5,0.672,0.719,0.872,0.0784,1,-9.856,0.0363,0.663,126.057,3
3,381063,4,0.424,3,0.888,0.329,0.38,0.17,0,-13.929,0.0625,0.686,125.034,3
23,335543,4,0.00305,6,0.865,0.594,0.325,0.0795,0,-8.436,0.0684,0.494,121.995,3
37,433680,4,0.0127,7,0.894,0.534,0.0942,0.0479,0,-6.959,0.0536,0.789,120.018,3
0,453973,4,0.000103,10,0.805,0.512,0.453,0.121,0,-10.325,0.0652,0.194,124.003,3
0,240039,4,0.0252,9,0.761,0.752,0.722,0.0613,0,-9.159,0.267,0.919,119.944,3
0,473000,4,1.76e-05,2,0.812,0.514,0.864,0.069,1,-6.152,0.0652,0.531,120.0,3
14,456746,4,0.00136,10,0.809,0.652,0.902,0.0445,0,-9.603,0.0587,0.592,122.0,3
0,360342,4,0.00583,8,0.791,0.516,0.827,0.0298,1,-7.336,0.0691,0.422,117.994,3
0,460509,3,0.018,4,0.666,0.439,0.556,0.0379,0,-13.931,0.0501,0.318,118.981,3
0,440655,4,0.00764,1,0.796,0.944,0.901,0.0338,1,-6.84,0.0472,0.897,121.994,3
14,210785,4,0.00847,4,0.746,0.874,0.0646,0.0887,1,-6.594,0.0537,0.647,112.992,3
0,176437,4,0.00552,6,0.724,0.826,0.646,0.0779,0,-7.822,0.0535,0.841,122.016,3
31,385451,4,0.00104,6,0.801,0.627,0.638,0.0465,1,-9.662,0.068,0.207,119.995,3
0,478699,4,0.364,0,0.867,0.401,0.0187,0.0963,1,-12.045,0.092,0.689,122.027,3
13,337156,4,0.0628,2,0.824,0.704,0.409,0.0997,0,-7.139,0.117,0.393,113.981,3
0,354107,4,0.0037,11,0.683,0.969,0.681,0.15,0,-7.064,0.0383,0.518,126.97,3
24,390434,4,0.0337,1,0.827,0.692,0.911,0.0763,1,-9.227,0.0586,0.43,120.007,3
37,198573,4,0.303,7,0.831,0.494,0.000686,0.0864,1,-7.847,0.0806,0.614,116.962,3
37,310720,4,0.00178,9,0.869,0.515,0.0298,0.05,1,-7.344,0.0464,0.428,117.988,3
40,468811,4,0.00944,4,0.861,0.667,0.328,0.101,0,-8.959,0.124,0.3,124.011,3
4,409672,4,0.0323,11,0.808,0.479,0.889,0.137,0,-10.044,0.0669,0.277,122.004,3
0,415738,4,0.000568,8,0.918,0.892,0.933,0.1,1,-5.652,0.0675,0.184,126.001,3
0,185934,4,0.0764,10,0.692,0.896,0.00194,0.157,0,-6.298,0.0637,0.804,121.999,3
0,641985,4,0.0476,1,0.651,0.446,0.843,0.283,1,-19.414,0.0399,0.427,131.1,3
56,462720,3,0.0146,11,0.876,0.458,0.908,0.111,1,-11.519,0.0763,0.139,124.999,3
0,438389,4,0.239,11,0.787,0.876,0.648,0.0592,1,-10.7,0.035,0.462,124.012,3
47,479720,4,0.000739,1,0.777,0.696,0.939,0.0686,1,-9.253,0.0427,0.0915,129.987,3
40,356380,4,0.00141,10,0.798,0.485,0.233,0.0489,0,-8.429,0.0966,0.576,119.983,3
0,548640,4,0.0396,3,0.71,0.654,0.811,0.107,0,-12.174,0.0398,0.579,123.998,3
0,400213,4,0.003,1,0.809,0.646,0.938,0.104,1,-16.249,0.0558,0.518,126.89,3
0,445749,4,0.0407,2,0.805,0.827,0.86,0.213,1,-8.661,0.036,0.943,120.005,3
14,505908,4,0.265,6,0.917,0.461,0.885,0.105,0,-9.454,0.171,0.879,115.992,3
1,549411,4,0.00548,7,0.669,0.502,0.862,0.107,1,-11.404,0.0511,0.314,124.999,3
0,401430,4,0.0129,11,0.884,0.909,0.72,0.16,0,-7.884,0.126,0.796,125.017,3
5,439565,4,0.0163,10,0.708,0.735,0.61,0.0993,0,-9.656,0.0604,0.72,122.959,3
1,523311,4,0.00723,9,0.82,0.369,0.49,0.113,0,-15.313,0.0696,0.407,126.0,3
20,476671,4,0.339,6,0.806,0.741,0.822,0.231,0,-8.64,0.0376,0.404,121.007,3
4,197562,4,0.136,5,0.66,0.747,0.000786,0.347,1,-6.637,0.133,0.455,121.963,3
2,913215,4,0.0283,7,0.727,0.39,0.871,0.0793,0,-11.856,0.0384,0.0894,124.017,3
0,278896,4,0.68,0,0.816,0.765,0.907,0.0986,1,-11.192,0.0525,0.602,126.99,3
29,380352,4,0.259,5,0.911,0.508,0.107,0.664,1,-7.718,0.0642,0.507,117.988,3
15,426170,4,9.96e-05,2,0.809,0.622,0.895,0.0942,1,-6.19,0.047,0.135,122.012,3
3,283706,4,0.0094,7,0.621,0.746,0.000764,0.234,1,-6.966,0.22,0.676,123.921,3
34,415027,4,0.115,9,0.853,0.67,0.667,0.0872,0,-6.254,0.104,0.353,124.969,3
0,402143,4,0.000388,5,0.845,0.522,0.5,0.247,0,-10.834,0.0658,0.469,121.995,3
32,348481,4,0.061,7,0.706,0.436,0.463,0.0967,0,-14.327,0.0351,0.472,123.998,3
4,398772,4,0.00211,0,0.804,0.768,0.91,0.0613,1,-9.315,0.0616,0.419,122.002,3
0,326505,4,0.00603,1,0.855,0.573,0.0277,0.059,1,-9.146,0.0794,0.819,123.971,3
0,219533,4,0.00202,7,0.631,0.912,0.801,0.117,0,-4.574,0.0734,0.77,126.991,3
27,355539,4,0.00201,7,0.809,0.792,0.817,0.342,0,-8.603,0.0478,0.572,118.997,3
0,456774,4,0.545,9,0.655,0.725,0.358,0.111,0,-9.93,0.0358,0.355,123.953,3
35,403315,4,0.0248,1,0.812,0.549,0.765,0.0659,1,-8.935,0.0535,0.732,125.994,3
38,393213,4,0.0935,9,0.696,0.812,0.595,0.0915,1,-6.342,0.0698,0.383,122.006,3
63,173625,4,0.00307,6,0.677,0.758,0.736,0.22,0,-6.523,0.027,0.308,119.999,3
48,487575,4,0.162,8,0.836,0.811,0.814,0.0818,1,-9.228,0.0515,0.534,126.017,3
13,209623,4,0.00495,7,0.835,0.433,0.0667,0.066,0,-9.725,0.0473,0.684,119.981,3
2,442627,3,0.152,9,0.806,0.615,0.774,0.102,0,-8.129,0.0927,0.499,122.061,3
17,407046,4,0.00218,7,0.704,0.875,0.421,0.0401,1,-6.826,0.0397,0.324,124.988,3
22,332951,4,0.0422,5,0.922,0.46,0.288,0.108,0,-7.22,0.0815,0.341,119.985,3
1,343582,4,0.133,8,0.704,0.542,0.000225,0.0599,0,-8.369,0.0567,0.178,122.994,3
35,351606,4,0.0136,11,0.85,0.755,0.565,0.0216,0,-6.832,0.0597,0.534,124.02,3
33,220000,4,0.012,10,0.736,0.72,0.309,0.101,1,-10.56,0.0652,0.299,116.953,3
1,354973,4,0.00177,10,0.78,0.976,0.886,0.0548,0,-6.309,0.0696,0.947,127.028,3
23,323910,4,0.0316,6,0.801,0.565,0.79,0.111,0,-9.94,0.0352,0.324,125.008,3
0,556307,4,0.00135,10,0.795,0.693,0.298,0.11,0,-12.279,0.0566,0.04,123.004,3
41,395120,4,0.00738,4,0.825,0.851,0.68,0.0403,0,-4.665,0.064,0.855,122.012,3
1,478640,4,0.0101,1,0.797,0.714,0.949,0.0828,1,-13.995,0.0546,0.242,130.046,3
0,409217,4,0.000566,11,0.806,0.746,0.897,0.0898,0,-8.766,0.0482,0.413,121.998,3
26,376459,4,0.00663,0,0.853,0.462,0.708,0.0831,1,-13.037,0.0508,0.538,121.972,3
0,476050,4,0.0355,8,0.707,0.808,0.0335,0.671,0,-9.887,0.0503,0.241,119.996,3
0,395425,4,0.00643,9,0.876,0.65,0.187,0.0533,0,-10.859,0.056,0.786,121.974,3
0,371311,4,0.00331,0,0.821,0.633,0.905,0.0797,1,-9.462,0.0436,0.335,122.002,3
0,432000,4,0.00286,11,0.799,0.464,0.596,0.246,0,-12.274,0.064,0.68,122.004,3
0,326287,4,0.0011,6,0.81,0.631,0.701,0.0491,1,-10.917,0.0481,0.36,121.006,3
0,437919,4,0.00105,11,0.842,0.988,0.793,0.114,1,-9.727,0.0399,0.647,123.994,3
0,372011,4,0.0458,0,0.889,0.815,0.844,0.0399,1,-7.004,0.0743,0.422,119.999,3
0,440067,4,0.0689,0,0.864,0.399,0.639,0.137,1,-12.164,0.0465,0.215,118.994,3
0,426783,4,0.00944,11,0.653,0.814,0.656,0.162,0,-8.641,0.0372,0.507,120.004,3
3,212097,4,0.0644,11,0.793,0.83,0.679,0.0785,0,-4.47,0.0685,0.335,117.998,3
0,331093,4,0.24,1,0.7,0.387,0.891,0.219,1,-12.855,0.0566,0.165,120.008,3
16,454078,4,0.000943,7,0.786,0.724,0.878,0.107,1,-8.08,0.0546,0.313,122.998,3
39,468583,4,0.0148,2,0.894,0.367,0.862,0.0602,1,-9.087,0.0585,0.643,118.992,3
13,281903,4,0.0272,10,0.789,0.841,0.00348,0.0425,0,-5.959,0.145,0.882,123.008,3
27,367404,4,0.000436,0,0.799,0.562,0.906,0.0996,0,-8.163,0.0474,0.75,127.004,3
0,424391,4,0.00172,10,0.749,0.676,0.896,0.298,0,-8.7,0.0494,0.231,119.984,3
37,632268,4,0.804,2,0.839,0.423,0.891,0.109,1,-8.408,0.192,0.193,123.008,3
49,467660,3,0.0672,2,0.719,0.631,0.69,0.17,0,-9.365,0.0363,0.0457,121.99,3
0,478512,4,0.0718,11,0.793,0.463,0.406,0.0707,0,-9.829,0.0683,0.612,123.005,3
13,385748,4,0.000194,3,0.811,0.507,0.801,0.0859,0,-10.235,0.0892,0.736,116.989,3
0,376320,4,0.00131,11,0.708,0.898,0.0339,0.376,1,-3.342,0.0587,0.499,125.051,3
39,275289,4,0.00632,1,0.653,0.447,0.943,0.0828,1,-7.055,0.0462,0.738,126.013,3
37,305023,4,0.00676,6,0.715,0.598,0.85,0.271,0,-8.491,0.0381,0.104,119.98,3
23,296892,4,0.00393,1,0.855,0.513,0.897,0.109,1,-10.224,0.0616,0.164,117.994,3
13,285559,4,0.348,6,0.797,0.856,0.908,0.0994,0,-11.03,0.0396,0.0768,115.958,3
12,392722,4,0.0761,1,0.803,0.649,0.743,0.111,1,-12.019,0.0517,0.779,122.992,3
2,405932,4,0.0109,8,0.953,0.451,0.929,0.116,1,-10.264,0.197,0.557,124.947,3
0,448006,4,0.208,7,0.875,0.745,0.449,0.0749,1,-10.156,0.0466,0.365,117.995,3
0,314840,4,0.0245,0,0.713,0.578,0.706,0.0782,1,-8.13,0.0416,0.262,120.973,3
48,366829,4,0.0474,0,0.811,0.873,0.876,0.111,1,-6.71,0.0963,0.911,122.988,3
0,377705,4,0.0242,7,0.703,0.565,0.41,0.288,0,-9.7,0.0434,0.407,121.998,3
7,528726,4,0.000675,11,0.723,0.912,0.914,0.0534,0,-10.512,0.042,0.939,125.032,3
55,351573,4,0.13,5,0.69,0.489,0.00022,0.0815,1,-7.938,0.0788,0.645,114.008,3
1,497522,4,0.0608,3,0.746,0.709,0.000344,0.0677,0,-5.22,0.0441,0.436,121.02,3
28,339840,4,0.0012,11,0.855,0.472,0.294,0.0676,0,-7.34,0.0594,0.333,125.018,3
0,392896,4,0.000216,1,0.805,0.893,0.84,0.0539,1,-7.595,0.0473,0.326,123.003,3
0,363832,4,0.000352,4,0.805,0.409,0.819,0.066,0,-8.008,0.0542,0.373,122.011,3
0,395409,4,0.0148,10,0.853,0.456,0.878,0.0793,0,-11.015,0.0502,0.344,122.005,3
0,439643,4,0.00365,10,0.759,0.6,0.435,0.281,0,-9.618,0.0371,0.256,120.998,3
9,195257,4,0.00659,5,0.742,0.734,0.679,0.16,1,-6.008,0.0355,0.745,123.023,3
0,472320,4,0.00773,9,0.757,0.491,0.803,0.0757,0,-11.138,0.0364,0.153,125.001,3
0,390346,4,0.00315,10,0.81,0.847,0.922,0.0666,0,-8.706,0.0432,0.65,122.986,3
32,464298,4,0.000302,11,0.754,0.875,0.778,0.0721,0,-5.957,0.0344,0.333,122.004,3
0,413432,4,0.0104,10,0.835,0.847,0.905,0.0581,1,-6.607,0.0488,0.779,122.004,3
8,395000,4,0.0131,2,0.887,0.463,0.0417,0.077,1,-11.466,0.0651,0.18,122.001,3
26,226341,4,0.0567,8,0.65,0.744,0.0424,0.155,0,-7.267,0.0272,0.363,122.939,3
0,449893,4,0.0219,0,0.842,0.546,0.006,0.031,0,-9.002,0.0642,0.912,120.0,3
3,363619,4,0.0199,10,0.927,0.538,0.789,0.608,0,-13.542,0.0523,0.409,128.003,3
50,180280,4,0.0019,11,0.536,0.709,0.00522,0.369,0,-5.855,0.115,0.404,123.011,3
0,195747,4,0.0601,8,0.821,0.688,0.755,0.102,1,-7.398,0.066,0.312,122.005,3
48,385125,4,0.000655,6,0.785,0.645,0.786,0.0486,0,-6.979,0.0335,0.73,119.994,3
17,347387,4,0.00532,9,0.768,0.697,0.013,0.0673,0,-4.896,0.0984,0.719,118.996,3
2,252047,4,0.208,6,0.667,0.528,0.847,0.33,0,-13.365,0.0483,0.819,123.999,3
2,369500,4,0.00498,9,0.893,0.624,0.202,0.058,1,-7.07,0.0617,0.684,120.012,3
39,666885,4,0.00219,0,0.871,0.839,0.697,0.0741,1,-7.94,0.0617,0.439,122.02,3
32,264960,4,0.269,9,0.68,0.703,0.00172,0.376,0,-8.976,0.0491,0.233,124.973,3
49,402520,4,0.00295,11,0.887,0.378,0.832,0.101,0,-9.184,0.0756,0.386,125.001,3
34,200826,4,0.0104,0,0.693,0.744,1.16e-05,0.321,0,-5.741,0.0339,0.393,121.021,3
48,333240,4,0.036,9,0.854,0.347,0.888,0.106,0,-7.178,0.0514,0.528,119.989,3
0,416253,4,0.00608,5,0.812,0.515,0.794,0.447,0,-11.225,0.0656,0.743,125.001,3
31,275974,4,0.185,5,0.835,0.809,0.0131,0.107,0,-6.302,0.0356,0.678,119.984,3
0,331429,4,0.0626,6,0.802,0.893,0.763,0.17,0,-8.011,0.0573,0.872,126.003,3
27,214795,4,0.00721,9,0.807,0.533,0.00183,0.0503,1,-8.789,0.0444,0.178,121.998,3
0,430452,4,0.504,5,0.726,0.638,0.921,0.182,0,-10.292,0.0521,0.465,125.018,3
1,308898,4,0.179,3,0.682,0.4,0.717,0.0705,1,-6.607,0.0344,0.311,127.971,3
0,433855,4,0.00956,8,0.802,0.916,0.773,0.0475,1,-8.274,0.0682,0.592,120.013,3
0,419027,4,0.0551,1,0.873,0.332,0.577,0.091,1,-11.481,0.0823,0.278,114.991,3
27,218537,4,0.407,7,0.856,0.672,0.601,0.244,0,-6.848,0.0497,0.058,123.04,3
0,176306,4,0.0125,7,0.639,0.694,0.0247,0.0682,0,-7.009,0.0478,0.144,122.951,3
54,154414,4,0.17,8,0.43,0.436,0,0.128,1,-4.816,0.119,0.217,90.053,3
7,165617,4,0.224,7,0.79,0.578,0.92,0.246,0,-8.753,0.043,0.812,125.009,3
0,452779,4,0.00151,1,0.8,0.587,0.737,0.0936,1,-10.481,0.0579,0.264,122.007,3
17,410730,4,0.000656,0,0.81,0.85,0.905,0.0605,1,-7.456,0.0523,0.618,121.994,3
1,493333,4,0.0303,11,0.889,0.58,0.0206,0.14,0,-9.019,0.0541,0.923,126.004,3
0,407178,4,0.0243,0,0.721,0.479,0.828,0.116,1,-9.434,0.0418,0.722,118.992,3
0,385200,4,2.6e-05,5,0.653,0.8,0.912,0.457,0,-11.299,0.0362,0.579,135.882,3
12,239640,4,0.00546,4,0.848,0.73,0.068,0.391,1,-7.984,0.141,0.335,121.991,3
0,407827,4,0.0277,7,0.796,0.806,0.902,0.103,0,-10.596,0.051,0.516,118.024,3
17,499306,4,0.000164,1,0.81,0.824,0.889,0.253,1,-10.298,0.059,0.528,125.002,3
9,382810,4,0.000911,11,0.816,0.799,0.776,0.0668,0,-12.974,0.0605,0.661,121.005,3
32,316732,4,0.0629,5,0.838,0.742,0.679,0.018,0,-7.634,0.0406,0.565,121.994,3
1,412500,4,0.00933,5,0.809,0.438,0.13,0.558,0,-13.612,0.0518,0.407,120.008,3
32,313012,4,0.000617,11,0.908,0.642,0.0641,0.172,0,-8.715,0.0734,0.66,123.983,3
21,240513,4,0.0374,3,0.723,0.677,0.823,0.161,1,-12.149,0.0571,0.488,116.999,3
5,430130,4,0.000308,6,0.825,0.749,0.885,0.0754,0,-9.089,0.0858,0.491,124.983,3
28,356129,4,0.00662,5,0.8,0.603,0.76,0.0371,0,-10.77,0.0508,0.954,124.003,3
0,447640,3,0.00264,1,0.823,0.533,0.114,0.0777,1,-9.826,0.0431,0.585,120.015,3
7,421281,4,0.0532,11,0.815,0.446,0.749,0.0667,0,-11.529,0.0538,0.442,119.007,3
41,428976,4,0.689,6,0.602,0.874,0.923,0.103,1,-7.458,0.0475,0.0611,127.007,3
10,220625,4,0.18,5,0.694,0.556,0.0284,0.105,0,-8.558,0.0892,0.197,119.946,3
0,271670,4,0.0174,5,0.842,0.862,0.685,0.646,1,-5.236,0.112,0.512,117.996,3
7,376572,4,0.000237,7,0.774,0.803,0.919,0.0551,1,-5.465,0.0871,0.648,126.996,3
53,396000,4,0.0144,1,0.651,0.879,0.206,0.203,1,-6.36,0.0331,0.179,126.023,3
1,238823,4,0.216,2,0.791,0.709,0.018,0.102,0,-7.439,0.0425,0.485,106.008,3
0,362046,4,0.000329,7,0.833,0.524,0.855,0.0498,1,-8.221,0.0569,0.683,123.001,3
1,431375,4,0.00398,2,0.799,0.57,0.662,0.115,0,-13.467,0.0563,0.523,124.999,3
1,407752,4,0.336,9,0.772,0.436,0.796,0.153,0,-10.488,0.0336,0.217,120.011,3
2,394839,4,0.0148,2,0.803,0.568,0.74,0.256,1,-9.445,0.0805,0.274,123.985,3
50,403960,4,0.000658,1,0.842,0.525,0.916,0.0264,0,-8.714,0.0713,0.571,119.994,3
0,410000,4,0.0187,8,0.718,0.872,0.797,0.883,1,-7.009,0.0444,0.509,125.015,3
5,369836,4,0.00271,6,0.842,0.669,0.547,0.103,1,-5.625,0.0369,0.923,121.988,3
4,421994,4,0.000395,7,0.845,0.756,0.803,0.697,1,-5.88,0.139,0.0369,126.279,3
5,330153,4,0.00139,3,0.782,0.753,0.866,0.0401,1,-8.436,0.0389,0.966,114.005,3
7,385341,4,0.118,11,0.853,0.618,0.878,0.14,0,-9.477,0.078,0.685,114.995,3
0,437383,4,0.0271,8,0.847,0.58,0.322,0.0446,1,-8.692,0.0437,0.822,120.013,3
0,459121,4,0.0381,1,0.763,0.531,0.199,0.145,1,-9.578,0.0574,0.427,117.988,3
48,369500,4,0.00498,9,0.893,0.624,0.202,0.058,1,-7.07,0.0617,0.684,120.012,3
35,422000,4,0.0115,1,0.828,0.709,0.0848,0.0671,1,-8.6,0.0393,0.635,109.988,3
0,410401,4,0.000324,5,0.755,0.728,0.262,0.0911,0,-8.633,0.0391,0.416,123.989,4
3,275293,4,0.14,9,0.817,0.76,0.00449,0.4,1,-8.516,0.0507,0.58,128.034,4
43,162429,4,0.0199,7,0.863,0.741,0.592,0.0538,1,-5.713,0.0621,0.161,117.013,4
1,418351,4,0.0274,3,0.923,0.34,0.0706,0.0923,1,-10.147,0.059,0.408,120.016,4
0,344830,4,0.0204,8,0.796,0.906,0.846,0.0316,1,-3.886,0.0694,0.692,120.989,4
29,503258,4,0.0543,2,0.837,0.556,0.0633,0.127,0,-8.683,0.05,0.518,119.02,4
54,256990,4,0.031,8,0.756,0.739,0.776,0.0811,1,-6.794,0.0358,0.276,124.973,4
49,408067,4,0.00126,11,0.848,0.485,0.011,0.0421,0,-6.432,0.0491,0.306,123.993,4
1,194877,4,0.291,0,0.563,0.809,0.175,0.0901,1,-3.97,0.0874,0.366,121.965,4
55,368000,4,0.0178,3,0.655,0.54,0.86,0.0899,1,-10.11,0.031,0.375,124.041,4
0,386500,4,0.0181,5,0.782,0.66,0.872,0.11,0,-8.38,0.042,0.0814,120.025,4
0,423051,4,0.0252,4,0.84,0.644,0.886,0.0762,0,-8.302,0.0487,0.198,117.998,4
0,398076,4,0.115,8,0.828,0.619,0.846,0.112,0,-8.69,0.225,0.606,123.013,4
12,262000,4,0.00014,8,0.818,0.595,0.575,0.0612,1,-7.644,0.0515,0.729,119.99,4
0,472476,4,0.000275,2,0.8,0.427,4.98e-06,0.071,0,-7.173,0.0639,0.602,119.938,4
8,410164,4,0.00477,7,0.836,0.722,0.81,0.0959,1,-10.044,0.0379,0.551,122.007,4
20,438086,4,0.0268,9,0.802,0.842,0.534,0.067,1,-7.834,0.0418,0.687,119.977,4
27,560625,3,0.0811,1,0.718,0.826,0.856,0.137,1,-9.849,0.0378,0.642,127.99,4
0,338086,4,0.00337,6,0.763,0.471,0.0283,0.0354,0,-8.532,0.0402,0.417,119.979,4
0,325251,4,4.43e-05,6,0.764,0.894,0.698,0.032,0,-5.378,0.046,0.641,123.984,4
13,433279,4,0.137,4,0.797,0.541,0.865,0.0981,0,-10.887,0.0397,0.432,121.994,4
41,422727,4,0.014,6,0.799,0.699,0.789,0.109,0,-10.508,0.0413,0.26,120.991,4
39,377547,4,0.00714,4,0.765,0.752,0.659,0.0592,0,-8.303,0.0535,0.591,118.99,4
1,204992,4,0.0289,3,0.93,0.483,0.00244,0.103,1,-9.925,0.0411,0.57,120.023,4
18,463947,4,0.0115,9,0.808,0.661,0.784,0.0935,1,-10.737,0.0509,0.13,125.049,4
0,727853,4,0.0527,9,0.755,0.535,0.269,0.322,0,-10.85,0.045,0.288,123.994,4
0,345987,4,0.0156,4,0.826,0.354,0.231,0.0842,0,-11.666,0.109,0.582,121.988,4
3,459121,4,0.023,1,0.791,0.644,0.546,0.597,1,-12.443,0.0474,0.448,124.009,4
0,450500,4,0.0125,1,0.81,0.71,0.891,0.0565,1,-11.372,0.0576,0.881,120.006,4
42,443363,4,0.00989,9,0.786,0.751,0.93,0.0627,1,-9.414,0.0495,0.827,122.992,4
45,197213,4,0.161,9,0.82,0.844,0.335,0.0803,1,-4.779,0.0905,0.484,122.015,4
22,461538,4,0.00111,1,0.815,0.647,0.88,0.0575,0,-9.425,0.0621,0.547,117.001,4
0,498282,4,0.000487,11,0.827,0.81,0.645,0.058,0,-5.751,0.0513,0.0366,124.989,4
17,403078,4,0.000291,4,0.8,0.786,0.828,0.011,0,-7.653,0.048,0.554,123.996,4
12,213187,4,0.187,3,0.821,0.676,0.0001,0.0904,0,-6.366,0.0547,0.559,119.012,4
32,375380,4,0.0662,5,0.846,0.571,0.63,0.059,0,-8.398,0.106,0.7,118.999,4
9,243960,4,0.0182,11,0.507,0.729,1.4e-06,0.0658,0,-5.399,0.0393,0.272,105.013,4
0,481577,4,0.00658,7,0.906,0.795,0.261,0.0734,0,-5.467,0.0461,0.651,120.008,4
0,375950,4,0.00387,3,0.801,0.79,0.824,0.0484,0,-8.827,0.0574,0.807,122.991,4
40,561830,4,0.00222,4,0.805,0.407,0.923,0.0467,0,-11.669,0.0931,0.561,119.999,4
8,218673,4,0.0372,5,0.694,0.849,0.661,0.32,0,-8.094,0.0347,0.114,122.019,4
13,454363,4,0.000667,11,0.901,0.795,0.342,0.12,0,-7.788,0.0891,0.759,122.997,4
0,542697,4,0.861,2,0.835,0.455,0.942,0.111,1,-14.5,0.0403,0.626,123.988,4
1,416347,4,0.0475,7,0.805,0.855,0.0158,0.0747,1,-6.636,0.108,0.154,116.967,4
19,449203,4,0.0208,11,0.802,0.515,0.91,0.167,0,-8.722,0.059,0.536,116.021,4
0,441957,4,0.0292,5,0.778,0.648,0.181,0.315,0,-7.552,0.0378,0.392,119.983,4
19,521995,4,0.0201,5,0.736,0.948,0.169,0.111,1,-9.563,0.0422,0.903,104.995,4
0,396968,4,0.0382,6,0.822,0.267,0.817,0.0769,0,-10.627,0.078,0.54,114.998,4
19,395613,4,0.0148,6,0.632,0.861,0.498,0.231,0,-6.786,0.0392,0.216,107.986,4
1,353000,4,0.0262,2,0.83,0.855,0.475,0.0652,1,-6.163,0.0595,0.724,120.053,4
1,472181,4,0.0338,6,0.866,0.518,0.628,0.0904,0,-8.997,0.0605,0.51,121.996,4
6,276000,4,0.0165,8,0.855,0.693,0.0794,0.118,0,-5.662,0.0308,0.687,119.004,4
47,284373,4,0.198,0,0.699,0.472,0.182,0.087,1,-7.513,0.0414,0.194,124.989,4
29,503258,4,0.0543,2,0.837,0.556,0.0633,0.127,0,-8.683,0.05,0.518,119.02,4
1,292493,4,0.00334,9,0.792,0.47,0.893,0.0752,0,-9.76,0.0705,0.133,118.986,4
45,329538,4,0.0177,10,0.812,0.648,0.311,0.0829,0,-7.916,0.0405,0.707,120.006,4
0,417000,4,0.000875,5,0.813,0.853,0.914,0.188,0,-8.431,0.0479,0.466,120.007,4
11,315693,4,0.411,11,0.879,0.566,0.000128,0.0794,1,-8.789,0.0364,0.673,114.006,4
32,580364,4,0.000561,7,0.742,0.422,0.39,0.097,1,-13.787,0.0547,0.361,110.008,4
38,366562,4,0.0122,11,0.88,0.543,0.311,0.0554,0,-7.088,0.247,0.354,123.991,4
0,434551,4,0.0103,10,0.797,0.667,0.867,0.0665,0,-8.762,0.0533,0.312,122.009,4
0,463958,4,0.00527,5,0.804,0.499,0.437,0.0557,0,-10.337,0.0575,0.614,122.007,4
0,380679,4,0.549,9,0.669,0.54,0.901,0.0748,0,-11.809,0.0455,0.0402,115.006,4
54,293579,4,0.053,11,0.833,0.582,0.0577,0.108,0,-6.987,0.0659,0.209,125.026,4
49,408067,4,0.00126,11,0.848,0.485,0.011,0.0421,0,-6.432,0.0491,0.306,123.993,4
20,417707,4,0.0176,0,0.887,0.53,0.0693,0.083,0,-10.554,0.072,0.685,120.009,4
5,377505,4,0.0459,6,0.778,0.891,0.174,0.376,0,-9.315,0.104,0.514,124.006,4
0,400926,4,0.0372,0,0.89,0.443,0.385,0.369,1,-8.654,0.0497,0.199,122.002,4
2,346500,4,0.476,9,0.745,0.439,0.112,0.139,0,-13.307,0.0313,0.117,125.363,4
41,449280,4,0.148,0,0.932,0.573,0.672,0.101,0,-4.7,0.0411,0.495,124.996,4
51,458587,4,0.00291,1,0.735,0.819,0.000892,0.0981,1,-7.172,0.07,0.716,128.298,4
0,452052,4,0.238,10,0.749,0.519,0.293,0.0917,0,-9.655,0.0507,0.451,123.011,4
47,401009,4,0.00404,10,0.833,0.78,0.897,0.354,1,-8.341,0.0669,0.234,125.035,4
24,407619,4,0.0132,9,0.797,0.561,0.918,0.0798,0,-12.264,0.0552,0.586,124.007,4
0,460800,4,0.0198,11,0.839,0.548,0.772,0.0367,0,-11.271,0.0887,0.313,125.01,4
2,232227,4,0.00426,7,0.559,0.756,0.000108,0.111,0,-5.409,0.0397,0.255,127.972,4
38,477187,3,0.0279,10,0.804,0.641,0.875,0.0821,0,-9.901,0.119,0.781,125.036,4
6,214982,4,0.0222,3,0.658,0.501,0.361,0.0918,0,-10.526,0.0671,0.746,119.974,4
1,393381,4,0.0231,0,0.78,0.516,0.744,0.0936,1,-7.132,0.0391,0.542,123.999,4
0,356677,4,0.0024,7,0.665,0.565,0.0152,0.45,0,-8.17,0.0354,0.571,122.507,4
0,302609,4,0.00188,1,0.906,0.571,0.796,0.095,1,-9.98,0.0487,0.731,115.001,4
5,223485,4,0.00872,9,0.863,0.475,0.116,0.122,0,-7.195,0.0488,0.596,124.964,4
7,362813,4,0.361,5,0.641,0.39,0.913,0.0981,0,-10.186,0.133,0.18,119.548,4
10,406452,4,0.000441,10,0.853,0.947,0.771,0.212,0,-4.327,0.0879,0.819,124.039,4
43,330312,4,0.00554,11,0.896,0.449,0.0169,0.0857,0,-8.998,0.0517,0.698,118.025,4
6,416755,4,0.0325,5,0.856,0.85,0.847,0.0941,0,-7.096,0.0726,0.441,121.999,4
24,267440,4,0.0691,3,0.789,0.699,0.842,0.131,0,-6.882,0.0501,0.762,120.026,4
43,163387,4,0.00275,6,0.737,0.8,0.00369,0.0991,0,-4.46,0.0404,0.734,121.985,4
1,502002,4,0.000174,2,0.722,0.619,0.499,0.183,1,-8.533,0.0397,0.303,124.004,4
44,464487,4,0.221,8,0.728,0.673,0.831,0.12,1,-7.959,0.0364,0.0374,123.019,4
55,383226,4,0.259,1,0.84,0.762,0.493,0.0658,1,-8.671,0.049,0.793,124.031,4
0,437313,4,0.0183,9,0.869,0.418,0.93,0.122,0,-11.44,0.0672,0.371,122.993,4
1,475559,4,0.000752,0,0.878,0.609,0.08,0.0899,0,-11.182,0.061,0.123,119.993,4
26,198533,4,0.00875,2,0.587,0.73,0.0874,0.0403,0,-6.621,0.0295,0.48,126.023,4
32,409894,4,0.000288,5,0.807,0.787,0.284,0.0819,0,-9.754,0.0452,0.221,123.012,4
0,407759,4,0.00348,8,0.672,0.908,0.853,0.0505,0,-8.355,0.0425,0.569,119.977,4
1,499254,4,0.0112,2,0.787,0.788,0.863,0.266,1,-9.593,0.0368,0.0526,121.992,4
26,432588,4,0.000342,9,0.803,0.747,0.852,0.09,0,-8.726,0.055,0.457,120.007,4
3,358161,4,0.0309,11,0.835,0.633,0.211,0.148,1,-8.905,0.0451,0.68,125.0,4
0,430226,4,1.99e-05,11,0.803,0.489,0.894,0.194,0,-12.106,0.0411,0.672,122.015,4
2,394839,4,0.0148,2,0.803,0.568,0.74,0.256,1,-9.445,0.0805,0.274,123.985,4
0,166100,4,0.105,0,0.791,0.827,0.906,0.227,1,-6.647,0.0608,0.478,125.039,4
34,374000,4,0.000517,7,0.802,0.669,0.477,0.0935,1,-7.859,0.0582,0.462,120.005,4
38,304125,4,0.0139,8,0.861,0.796,0.448,0.104,0,-4.13,0.0995,0.835,120.007,4
37,416021,4,0.0332,10,0.706,0.684,0.887,0.0992,0,-8.2,0.0451,0.537,119.991,4
25,288999,4,0.0281,6,0.922,0.449,0.524,0.0342,0,-7.538,0.134,0.693,119.983,4
48,308011,4,0.00306,11,0.871,0.531,0.213,0.0734,0,-9.373,0.0473,0.618,123.978,4
0,500390,4,0.0429,9,0.795,0.462,0.128,0.0621,0,-13.11,0.082,0.259,120.022,4
1,268935,4,0.00733,3,0.756,0.821,0.0269,0.107,0,-7.464,0.071,0.242,124.022,4
0,390000,4,0.0076,2,0.897,0.562,0.186,0.0393,0,-11.115,0.0761,0.65,119.991,4
63,219333,4,0.716,5,0.656,0.594,0.0802,0.376,1,-6.043,0.0307,0.57,127.992,4
33,456512,4,0.0127,10,0.82,0.646,0.857,0.0601,0,-6.395,0.051,0.787,120.007,4
19,371451,4,0.000414,1,0.752,0.786,0.336,0.103,0,-6.926,0.0514,0.69,123.987,4
48,209764,4,0.219,5,0.678,0.81,0.151,0.0889,0,-7.433,0.0431,0.662,127.067,4
21,345173,4,0.00864,3,0.822,0.704,0.627,0.0633,0,-8.242,0.0374,0.255,125.999,4
50,185280,4,0.0655,7,0.555,0.731,0.0437,0.079,1,-6.094,0.0338,0.109,124.966,4
7,195210,4,0.0667,11,0.801,0.641,0.0244,0.172,1,-8.584,0.0455,0.701,124.979,4
38,359298,4,0.00906,2,0.829,0.746,0.866,0.107,1,-7.405,0.0414,0.412,123.017,4
0,416009,4,0.0099,3,0.835,0.642,0.849,0.0698,0,-8.958,0.049,0.475,120.013,4
0,337190,4,0.0107,7,0.868,0.913,0.343,0.937,1,-7.12,0.191,0.71,121.038,4
53,453120,4,0.0016,1,0.788,0.625,0.905,0.299,1,-6.428,0.0375,0.439,125.012,4
23,407459,4,0.00111,10,0.861,0.418,0.101,0.0669,0,-11.34,0.0651,0.83,119.975,4
24,410622,4,0.000335,9,0.808,0.751,0.669,0.0369,1,-9.913,0.0566,0.489,121.993,4
31,386234,4,0.0408,2,0.729,0.685,0.669,0.108,1,-8.414,0.0366,0.18,125.0,4
22,477763,4,0.00126,4,0.683,0.853,0.772,0.0968,1,-8.366,0.0387,0.518,125.012,4
3,414744,4,5.85e-05,2,0.786,0.696,0.856,0.126,1,-11.059,0.0424,0.0825,121.005,4
42,205447,4,0.0513,2,0.668,0.897,6.45e-05,0.57,1,-3.973,0.0503,0.185,120.051,4
15,325500,4,0.00573,9,0.741,0.966,0.00091,0.274,1,-5.621,0.0485,0.466,120.027,4
22,531643,4,0.00385,10,0.755,0.741,0.86,0.05,0,-9.098,0.0442,0.507,122.994,4
41,418658,3,0.0106,0,0.681,0.632,0.577,0.106,1,-8.702,0.0312,0.383,121.991,4
46,454188,4,0.0279,10,0.775,0.666,0.893,0.078,0,-11.376,0.058,0.133,122.005,4
1,410323,4,0.0019,7,0.778,0.417,0.849,0.0405,0,-10.359,0.0535,0.677,123.966,4
4,439744,4,0.00058,2,0.788,0.826,0.891,0.0693,1,-7.041,0.0691,0.247,123.015,4
40,548455,4,0.00024,4,0.797,0.72,0.883,0.103,1,-10.524,0.0542,0.136,127.988,4
9,434380,4,0.00133,10,0.804,0.558,0.891,0.0879,0,-8.656,0.0883,0.265,121.006,4
38,329467,4,0.0344,10,0.741,0.461,0.503,0.0933,0,-9.59,0.0373,0.174,107.984,4
3,395459,4,0.06,11,0.946,0.585,0.782,0.122,1,-7.518,0.0928,0.263,123.008,4
46,129836,4,0.000366,0,0.89,0.958,0.00203,0.0227,1,-4.955,0.0582,0.796,122.013,4
40,413693,4,4.67e-05,0,0.611,0.897,0.0435,0.159,1,-6.669,0.0471,0.689,122.013,4
42,205827,4,0.158,9,0.67,0.758,0.398,0.0725,0,-8.048,0.034,0.159,122.0,4
13,324000,4,0.00296,7,0.808,0.945,0.634,0.144,1,-7.131,0.0601,0.596,122.01,4
9,420230,4,7.78e-05,8,0.804,0.699,0.92,0.088,1,-10.13,0.041,0.407,124.003,4
33,250451,4,0.0187,11,0.613,0.711,0.0105,0.0759,0,-6.244,0.0694,0.493,121.978,4
37,480000,4,0.0538,7,0.774,0.887,0.91,0.0923,1,-10.39,0.0514,0.224,124.003,4
50,480000,4,0.563,2,0.854,0.93,0.697,0.0815,1,-7.528,0.0439,0.192,123.998,4
26,355250,4,0.00653,2,0.705,0.809,0.762,0.0924,0,-8.37,0.0368,0.375,124.999,4
33,413333,4,0.0441,11,0.705,0.75,0.627,0.079,0,-4.854,0.0406,0.293,125.976,4
3,554400,4,0.0679,0,0.69,0.615,0.871,0.106,1,-9.053,0.0588,0.281,125.001,4
28,422158,4,0.00364,3,0.746,0.652,0.913,0.312,0,-10.402,0.0783,0.377,124.013,4
17,382759,4,0.0637,9,0.831,0.683,0.864,0.0861,0,-10.1,0.052,0.178,116.0,4
30,310040,4,0.000232,10,0.862,0.664,0.939,0.0494,0,-8.918,0.0886,0.618,125.761,4
46,355122,3,0.000976,5,0.676,0.729,0.889,0.0349,0,-10.928,0.0367,0.784,120.001,4
16,512383,4,0.00204,6,0.785,0.816,0.921,0.117,0,-7.147,0.0697,0.0892,113.012,4
59,225181,4,0.369,2,0.861,0.602,0.0644,0.0751,0,-7.314,0.0617,0.684,114.978,4
7,365917,4,0.0951,11,0.845,0.386,0.00309,0.0679,1,-9.494,0.0737,0.841,118.007,4
7,326892,4,0.00425,10,0.839,0.515,0.224,0.107,0,-7.947,0.0518,0.679,114.041,4
1,492522,4,0.0289,6,0.863,0.32,0.791,0.0956,0,-11.284,0.0731,0.794,115.007,4
0,297142,4,0.0229,6,0.645,0.723,0.244,0.125,0,-7.196,0.0348,0.73,100.013,4
23,457563,4,0.0298,3,0.81,0.497,0.901,0.1,0,-10.415,0.0571,0.325,121.976,4
8,505699,4,0.00184,2,0.87,0.566,0.813,0.0995,1,-6.767,0.0645,0.628,122.004,4
4,480000,4,4.17e-05,10,0.72,0.607,0.555,0.642,0,-8.381,0.0418,0.616,106.004,4
0,474578,4,0.0741,10,0.674,0.612,0.907,0.118,1,-11.302,0.0474,0.501,114.009,4
1,475720,4,0.0211,7,0.756,0.539,0.809,0.103,0,-6.956,0.0426,0.31,109.33,4
45,417078,4,0.0608,10,0.825,0.561,0.803,0.159,0,-7.67,0.0489,0.559,121.993,4
0,205682,4,0.0192,4,0.769,0.612,0.074,0.0444,1,-9.978,0.0276,0.523,120.032,4
2,394461,4,0.000659,7,0.736,0.593,0.492,0.0621,1,-9.473,0.04,0.113,118.006,4
22,562367,4,0.00101,11,0.775,0.44,0.87,0.0797,1,-9.759,0.0456,0.139,119.982,4
46,396413,4,0.0919,4,0.932,0.479,0.0539,0.0905,0,-8.235,0.0519,0.968,124.016,4
37,475092,4,7.72e-05,8,0.805,0.764,0.328,0.0603,0,-9.804,0.0516,0.617,123.985,4
25,215553,4,0.0543,1,0.787,0.62,0.455,0.143,1,-5.442,0.0513,0.525,120.982,5
24,485937,4,0.0332,0,0.797,0.527,0.886,0.577,1,-10.195,0.0672,0.345,117.99,5
0,209142,4,0.0202,0,0.724,0.823,0.818,0.252,1,-6.237,0.0292,0.677,121.988,5
42,400004,4,0.00182,3,0.764,0.857,0.867,0.0535,0,-6.095,0.0554,0.506,125.008,5
0,344027,4,0.0607,6,0.848,0.387,0.446,0.0691,0,-9.914,0.0445,0.349,118.004,5
0,195500,4,0.00102,5,0.691,0.768,0.0386,0.122,0,-8.776,0.0344,0.457,124.01,5
24,379591,4,0.00681,4,0.838,0.853,0.878,0.0898,0,-6.601,0.0633,0.338,121.992,5
2,359166,4,0.137,7,0.766,0.396,0.0436,0.052,0,-12.673,0.0406,0.187,113.005,5
34,369644,3,0.000243,9,0.566,0.941,0.913,0.0977,0,-6.675,0.0498,0.435,121.993,5
0,385067,4,0.004,10,0.823,0.703,0.613,0.0545,0,-7.292,0.0562,0.928,122.023,5
56,325521,4,0.00627,9,0.78,0.633,0.892,0.0612,0,-6.81,0.0424,0.582,120.007,5
0,494492,4,0.00592,6,0.784,0.758,0.712,0.103,0,-9.195,0.0649,0.299,124.002,5
17,185825,4,0.00238,7,0.755,0.803,0.688,0.104,1,-9.046,0.0478,0.406,124.002,5
34,386094,4,6.51e-05,11,0.804,0.857,0.93,0.0964,1,-8.154,0.0438,0.59,124.997,5
36,471125,4,0.0275,9,0.761,0.803,0.73,0.0935,0,-7.399,0.0594,0.638,120.003,5
0,272569,4,0.00132,9,0.687,0.665,0.249,0.0828,0,-8.81,0.0367,0.248,125.004,5
0,408750,4,0.225,9,0.795,0.786,0.256,0.0578,0,-9.154,0.0411,0.563,117.994,5
39,421651,4,0.00549,2,0.807,0.71,0.909,0.102,1,-9.121,0.0567,0.41,119.012,5
44,201290,4,0.0024,2,0.54,0.933,0.954,0.371,1,-6.784,0.0364,0.238,123.988,5
0,475184,4,0.00294,2,0.7,0.938,0.862,0.0408,1,-6.872,0.0401,0.455,117.997,5
12,248036,4,0.00182,2,0.76,0.964,0.7,0.0974,1,-5.844,0.0576,0.641,125.0,5
9,443800,4,0.00166,1,0.814,0.993,0.869,0.102,1,-6.193,0.058,0.96,126.001,5
38,480611,4,0.000147,8,0.749,0.731,0.00228,0.116,0,-9.231,0.0368,0.141,123.001,5
6,441198,4,0.00192,2,0.855,0.742,0.812,0.104,1,-8.654,0.0577,0.559,121.988,5
40,494775,4,0.022,8,0.653,0.523,0.865,0.0933,0,-11.266,0.0428,0.328,122.004,5
39,403644,4,0.0454,2,0.94,0.471,0.906,0.108,1,-9.671,0.0515,0.426,124.01,5
43,194387,4,0.0316,11,0.621,0.746,0.0974,0.333,0,-6.334,0.0257,0.618,121.021,5
41,242710,4,0.0036,0,0.713,0.849,0.095,0.159,1,-7.774,0.0344,0.0589,122.026,5
34,214430,4,0.00923,11,0.744,0.744,0.0245,0.103,0,-6.77,0.0484,0.651,122.007,5
65,234440,4,0.0259,0,0.851,0.742,0.256,0.111,1,-6.126,0.0377,0.236,123.033,5
32,186008,4,0.0912,7,0.874,0.404,0.817,0.106,1,-12.288,0.166,0.163,119.951,5
38,392625,4,3.01e-05,1,0.791,0.872,0.895,0.0912,1,-9.775,0.0465,0.0418,122.997,5
35,398885,4,0.00805,5,0.825,0.816,0.587,0.0391,0,-8.807,0.0437,0.839,122.001,5
18,430686,4,0.0067,9,0.811,0.574,0.866,0.0356,1,-8.068,0.0601,0.666,116.996,5
0,408187,4,0.0242,7,0.851,0.496,0.704,0.0406,1,-7.56,0.0863,0.619,114.996,5
0,454838,4,0.00307,0,0.788,0.643,0.754,0.105,0,-9.054,0.0497,0.425,118.999,5
0,387873,4,0.147,9,0.9,0.473,0.812,0.172,1,-9.081,0.0853,0.917,116.995,5
0,419947,4,0.0865,9,0.857,0.504,0.834,0.0845,0,-9.426,0.0614,0.432,116.015,5
0,463187,4,0.154,2,0.801,0.533,0.875,0.144,1,-12.853,0.0691,0.435,115.006,5
0,470548,4,0.00193,7,0.818,0.714,0.92,0.0496,0,-7.41,0.0477,0.473,122.999,5
12,530000,4,0.0044,5,0.616,0.871,0.0303,0.564,1,-6.75,0.0596,0.67,116.338,5
1,336660,4,0.0246,3,0.823,0.706,0.0557,0.0506,0,-6.447,0.0585,0.8,115.985,5
25,380064,4,0.000331,9,0.812,0.569,0.9,0.105,0,-14.198,0.207,0.565,123.007,5
0,325000,4,0.0135,5,0.69,0.621,0.752,0.11,0,-9.526,0.0356,0.667,125.001,5
0,438031,4,0.0618,10,0.774,0.503,0.00138,0.564,1,-8.654,0.0386,0.242,122.99,5
35,312605,4,0.0879,10,0.789,0.427,0.878,0.103,0,-10.342,0.0479,0.406,119.001,5
